tenclass\dog\dog_0162.jpg,3
tenclass\fish\fish370.jpg,4
tenclass\fruit\fruit_0089.jpg,6
tenclass\airplane\584.jpg,0
tenclass\fruit\fruit_0410.jpg,6
tenclass\person\person194.jpg,8
tenclass\dog\dog_0134.jpg,3
tenclass\person\person334.jpg,8
tenclass\motor\motorbike_0489.jpg,7
tenclass\fruit\fruit_0400.jpg,6
tenclass\airplane\557.jpg,0
tenclass\dog\dog_0306.jpg,3
tenclass\person\person157.jpg,8
tenclass\cat\cat_0430.jpg,2
tenclass\airplane\263.jpg,0
tenclass\airplane\194.jpg,0
tenclass\cat\cat_0395.jpg,2
tenclass\person\person366.jpg,8
tenclass\flowers\flowers302.jpg,5
tenclass\dog\dog_0139.jpg,3
tenclass\cat\cat_0591.jpg,2
tenclass\flowers\flowers342.jpg,5
tenclass\fish\fish384.jpg,4
tenclass\flowers\flowers56.jpg,5
tenclass\airplane\45.jpg,0
tenclass\car\1177.jpg,1
tenclass\car\910.jpg,1
tenclass\fish\fish598.jpg,4
tenclass\cat\cat_0398.jpg,2
tenclass\tulip\tulip351.jpg,9
tenclass\flowers\flowers169.jpg,5
tenclass\flowers\flowers554.jpg,5
tenclass\person\person257.jpg,8
tenclass\cat\cat_0434.jpg,2
tenclass\cat\cat_0356.jpg,2
tenclass\person\person361.jpg,8
tenclass\fruit\fruit_0300.jpg,6
tenclass\airplane\253.jpg,0
tenclass\flowers\flowers404.jpg,5
tenclass\cat\cat_0428.jpg,2
tenclass\fruit\fruit_0311.jpg,6
tenclass\tulip\tulip461.jpg,9
tenclass\fish\fish245.jpg,4
tenclass\cat\cat_0365.jpg,2
tenclass\motor\motorbike_0205.jpg,7
tenclass\flowers\flowers174.jpg,5
tenclass\motor\motorbike_0062.jpg,7
tenclass\motor\motorbike_0574.jpg,7
tenclass\fish\fish523.jpg,4
tenclass\car\1216.jpg,1
tenclass\motor\motorbike_0281.jpg,7
tenclass\fish\fish222.jpg,4
tenclass\fruit\fruit_0253.jpg,6
tenclass\person\person457.jpg,8
tenclass\dog\dog_0488.jpg,3
tenclass\cat\cat_0169.jpg,2
tenclass\motor\motorbike_0373.jpg,7
tenclass\motor\motorbike_0152.jpg,7
tenclass\person\person126.jpg,8
tenclass\motor\motorbike_0392.jpg,7
tenclass\fruit\fruit_0288.jpg,6
tenclass\flowers\flowers326.jpg,5
tenclass\cat\cat_0483.jpg,2
tenclass\dog\dog_0116.jpg,3
tenclass\person\person349.jpg,8
tenclass\airplane\385.jpg,0
tenclass\motor\motorbike_0179.jpg,7
tenclass\car\1056.jpg,1
tenclass\flowers\flowers59.jpg,5
tenclass\car\1104.jpg,1
tenclass\flowers\flowers483.jpg,5
tenclass\dog\dog_0353.jpg,3
tenclass\motor\motorbike_0145.jpg,7
tenclass\car\835.jpg,1
tenclass\cat\cat_0323.jpg,2
tenclass\dog\dog_0581.jpg,3
tenclass\flowers\flowers5.jpg,5
tenclass\airplane\336.jpg,0
tenclass\fruit\fruit_0519.jpg,6
tenclass\person\person37.jpg,8
tenclass\motor\motorbike_0581.jpg,7
tenclass\dog\dog_0064.jpg,3
tenclass\tulip\tulip535.jpg,9
tenclass\fruit\fruit_0083.jpg,6
tenclass\dog\dog_0078.jpg,3
tenclass\fish\fish36.jpg,4
tenclass\flowers\flowers508.jpg,5
tenclass\fruit\fruit_0465.jpg,6
tenclass\car\798.jpg,1
tenclass\car\1314.jpg,1
tenclass\fruit\fruit_0447.jpg,6
tenclass\motor\motorbike_0381.jpg,7
tenclass\flowers\flowers117.jpg,5
tenclass\motor\motorbike_0316.jpg,7
tenclass\person\person420.jpg,8
tenclass\dog\dog_0397.jpg,3
tenclass\person\person189.jpg,8
tenclass\dog\dog_0354.jpg,3
tenclass\tulip\tulip97.jpg,9
tenclass\fruit\fruit_0333.jpg,6
tenclass\car\735.jpg,1
tenclass\tulip\tulip105.jpg,9
tenclass\tulip\tulip597.jpg,9
tenclass\motor\motorbike_0249.jpg,7
tenclass\flowers\flowers57.jpg,5
tenclass\motor\motorbike_0071.jpg,7
tenclass\tulip\tulip166.jpg,9
tenclass\person\person401.jpg,8
tenclass\flowers\flowers21.jpg,5
tenclass\person\person297.jpg,8
tenclass\person\person0.jpg,8
tenclass\motor\motorbike_0372.jpg,7
tenclass\motor\motorbike_0341.jpg,7
tenclass\cat\cat_0085.jpg,2
tenclass\flowers\flowers449.jpg,5
tenclass\motor\motorbike_0195.jpg,7
tenclass\dog\dog_0272.jpg,3
tenclass\car\1170.jpg,1
tenclass\dog\dog_0494.jpg,3
tenclass\flowers\flowers380.jpg,5
tenclass\motor\motorbike_0593.jpg,7
tenclass\tulip\tulip232.jpg,9
tenclass\person\person166.jpg,8
tenclass\airplane\259.jpg,0
tenclass\airplane\458.jpg,0
tenclass\flowers\flowers447.jpg,5
tenclass\car\1063.jpg,1
tenclass\flowers\flowers460.jpg,5
tenclass\tulip\tulip304.jpg,9
tenclass\person\person309.jpg,8
tenclass\fish\fish402.jpg,4
tenclass\person\person212.jpg,8
tenclass\flowers\flowers225.jpg,5
tenclass\car\1219.jpg,1
tenclass\car\1174.jpg,1
tenclass\car\1199.jpg,1
tenclass\tulip\tulip402.jpg,9
tenclass\motor\motorbike_0494.jpg,7
tenclass\motor\motorbike_0307.jpg,7
tenclass\cat\cat_0539.jpg,2
tenclass\car\905.jpg,1
tenclass\dog\dog_0217.jpg,3
tenclass\car\847.jpg,1
tenclass\motor\motorbike_0143.jpg,7
tenclass\airplane\550.jpg,0
tenclass\tulip\tulip441.jpg,9
tenclass\fish\fish34.jpg,4
tenclass\car\1084.jpg,1
tenclass\fish\fish145.jpg,4
tenclass\fruit\fruit_0240.jpg,6
tenclass\motor\motorbike_0451.jpg,7
tenclass\tulip\tulip424.jpg,9
tenclass\tulip\tulip238.jpg,9
tenclass\motor\motorbike_0336.jpg,7
tenclass\dog\dog_0099.jpg,3
tenclass\motor\motorbike_0453.jpg,7
tenclass\tulip\tulip94.jpg,9
tenclass\motor\motorbike_0086.jpg,7
tenclass\dog\dog_0484.jpg,3
tenclass\tulip\tulip437.jpg,9
tenclass\flowers\flowers496.jpg,5
tenclass\person\person514.jpg,8
tenclass\flowers\flowers18.jpg,5
tenclass\fish\fish32.jpg,4
tenclass\car\1096.jpg,1
tenclass\person\person562.jpg,8
tenclass\cat\cat_0495.jpg,2
tenclass\fish\fish239.jpg,4
tenclass\dog\dog_0265.jpg,3
tenclass\person\person68.jpg,8
tenclass\person\person458.jpg,8
tenclass\flowers\flowers386.jpg,5
tenclass\airplane\451.jpg,0
tenclass\motor\motorbike_0084.jpg,7
tenclass\flowers\flowers198.jpg,5
tenclass\fish\fish561.jpg,4
tenclass\fruit\fruit_0402.jpg,6
tenclass\cat\cat_0519.jpg,2
tenclass\flowers\flowers552.jpg,5
tenclass\airplane\501.jpg,0
tenclass\fruit\fruit_0454.jpg,6
tenclass\flowers\flowers544.jpg,5
tenclass\car\1257.jpg,1
tenclass\flowers\flowers141.jpg,5
tenclass\fish\fish458.jpg,4
tenclass\airplane\50.jpg,0
tenclass\motor\motorbike_0321.jpg,7
tenclass\cat\cat_0574.jpg,2
tenclass\car\1026.jpg,1
tenclass\fruit\fruit_0570.jpg,6
tenclass\car\784.jpg,1
tenclass\fruit\fruit_0023.jpg,6
tenclass\airplane\265.jpg,0
tenclass\car\830.jpg,1
tenclass\tulip\tulip490.jpg,9
tenclass\airplane\108.jpg,0
tenclass\fish\fish349.jpg,4
tenclass\car\757.jpg,1
tenclass\cat\cat_0047.jpg,2
tenclass\tulip\tulip382.jpg,9
tenclass\person\person439.jpg,8
tenclass\tulip\tulip362.jpg,9
tenclass\person\person22.jpg,8
tenclass\fruit\fruit_0568.jpg,6
tenclass\cat\cat_0527.jpg,2
tenclass\motor\motorbike_0342.jpg,7
tenclass\fruit\fruit_0248.jpg,6
tenclass\tulip\tulip512.jpg,9
tenclass\person\person556.jpg,8
tenclass\tulip\tulip409.jpg,9
tenclass\cat\cat_0555.jpg,2
tenclass\fish\fish324.jpg,4
tenclass\tulip\tulip96.jpg,9
tenclass\flowers\flowers451.jpg,5
tenclass\car\1000.jpg,1
tenclass\dog\dog_0523.jpg,3
tenclass\airplane\582.jpg,0
tenclass\fish\fish454.jpg,4
tenclass\flowers\flowers498.jpg,5
tenclass\car\950.jpg,1
tenclass\fish\fish60.jpg,4
tenclass\airplane\373.jpg,0
tenclass\car\986.jpg,1
tenclass\airplane\312.jpg,0
tenclass\fruit\fruit_0045.jpg,6
tenclass\person\person215.jpg,8
tenclass\tulip\tulip332.jpg,9
tenclass\motor\motorbike_0480.jpg,7
tenclass\flowers\flowers338.jpg,5
tenclass\fish\fish175.jpg,4
tenclass\tulip\tulip592.jpg,9
tenclass\airplane\162.jpg,0
tenclass\car\743.jpg,1
tenclass\fruit\fruit_0085.jpg,6
tenclass\person\person411.jpg,8
tenclass\motor\motorbike_0461.jpg,7
tenclass\motor\motorbike_0144.jpg,7
tenclass\person\person477.jpg,8
tenclass\motor\motorbike_0010.jpg,7
tenclass\cat\cat_0401.jpg,2
tenclass\airplane\69.jpg,0
tenclass\tulip\tulip582.jpg,9
tenclass\person\person402.jpg,8
tenclass\fruit\fruit_0208.jpg,6
tenclass\airplane\46.jpg,0
tenclass\flowers\flowers265.jpg,5
tenclass\fruit\fruit_0543.jpg,6
tenclass\cat\cat_0421.jpg,2
tenclass\motor\motorbike_0269.jpg,7
tenclass\cat\cat_0385.jpg,2
tenclass\car\1188.jpg,1
tenclass\cat\cat_0090.jpg,2
tenclass\person\person511.jpg,8
tenclass\fish\fish417.jpg,4
tenclass\tulip\tulip479.jpg,9
tenclass\motor\motorbike_0503.jpg,7
tenclass\cat\cat_0450.jpg,2
tenclass\motor\motorbike_0029.jpg,7
tenclass\car\1207.jpg,1
tenclass\tulip\tulip30.jpg,9
tenclass\motor\motorbike_0266.jpg,7
tenclass\cat\cat_0008.jpg,2
tenclass\fruit\fruit_0084.jpg,6
tenclass\motor\motorbike_0280.jpg,7
tenclass\cat\cat_0512.jpg,2
tenclass\motor\motorbike_0182.jpg,7
tenclass\person\person549.jpg,8
tenclass\fruit\fruit_0143.jpg,6
tenclass\car\1146.jpg,1
tenclass\car\744.jpg,1
tenclass\person\person45.jpg,8
tenclass\cat\cat_0535.jpg,2
tenclass\fish\fish112.jpg,4
tenclass\car\1292.jpg,1
tenclass\fish\fish286.jpg,4
tenclass\person\person535.jpg,8
tenclass\flowers\flowers278.jpg,5
tenclass\flowers\flowers394.jpg,5
tenclass\car\891.jpg,1
tenclass\motor\motorbike_0300.jpg,7
tenclass\cat\cat_0038.jpg,2
tenclass\motor\motorbike_0403.jpg,7
tenclass\fruit\fruit_0072.jpg,6
tenclass\flowers\flowers468.jpg,5
tenclass\flowers\flowers439.jpg,5
tenclass\tulip\tulip225.jpg,9
tenclass\flowers\flowers346.jpg,5
tenclass\car\1253.jpg,1
tenclass\flowers\flowers502.jpg,5
tenclass\flowers\flowers292.jpg,5
tenclass\motor\motorbike_0296.jpg,7
tenclass\person\person547.jpg,8
tenclass\cat\cat_0490.jpg,2
tenclass\cat\cat_0159.jpg,2
tenclass\flowers\flowers533.jpg,5
tenclass\car\788.jpg,1
tenclass\dog\dog_0096.jpg,3
tenclass\person\person308.jpg,8
tenclass\cat\cat_0599.jpg,2
tenclass\dog\dog_0297.jpg,3
tenclass\fruit\fruit_0472.jpg,6
tenclass\person\person362.jpg,8
tenclass\airplane\237.jpg,0
tenclass\fish\fish511.jpg,4
tenclass\flowers\flowers565.jpg,5
tenclass\tulip\tulip428.jpg,9
tenclass\dog\dog_0555.jpg,3
tenclass\dog\dog_0365.jpg,3
tenclass\dog\dog_0363.jpg,3
tenclass\fruit\fruit_0019.jpg,6
tenclass\tulip\tulip252.jpg,9
tenclass\fish\fish190.jpg,4
tenclass\dog\dog_0552.jpg,3
tenclass\airplane\291.jpg,0
tenclass\cat\cat_0443.jpg,2
tenclass\flowers\flowers122.jpg,5
tenclass\fish\fish295.jpg,4
tenclass\fruit\fruit_0587.jpg,6
tenclass\motor\motorbike_0404.jpg,7
tenclass\tulip\tulip14.jpg,9
tenclass\flowers\flowers495.jpg,5
tenclass\person\person579.jpg,8
tenclass\motor\motorbike_0210.jpg,7
tenclass\flowers\flowers70.jpg,5
tenclass\cat\cat_0516.jpg,2
tenclass\car\1070.jpg,1
tenclass\person\person65.jpg,8
tenclass\motor\motorbike_0194.jpg,7
tenclass\motor\motorbike_0090.jpg,7
tenclass\fish\fish579.jpg,4
tenclass\cat\cat_0405.jpg,2
tenclass\airplane\427.jpg,0
tenclass\person\person479.jpg,8
tenclass\tulip\tulip417.jpg,9
tenclass\dog\dog_0323.jpg,3
tenclass\car\831.jpg,1
tenclass\tulip\tulip498.jpg,9
tenclass\cat\cat_0002.jpg,2
tenclass\cat\cat_0520.jpg,2
tenclass\dog\dog_0372.jpg,3
tenclass\airplane\337.jpg,0
tenclass\airplane\456.jpg,0
tenclass\dog\dog_0368.jpg,3
tenclass\car\1321.jpg,1
tenclass\tulip\tulip186.jpg,9
tenclass\flowers\flowers489.jpg,5
tenclass\person\person419.jpg,8
tenclass\tulip\tulip165.jpg,9
tenclass\fish\fish513.jpg,4
tenclass\person\person445.jpg,8
tenclass\flowers\flowers237.jpg,5
tenclass\cat\cat_0521.jpg,2
tenclass\car\896.jpg,1
tenclass\car\900.jpg,1
tenclass\person\person33.jpg,8
tenclass\person\person575.jpg,8
tenclass\cat\cat_0213.jpg,2
tenclass\dog\dog_0442.jpg,3
tenclass\fruit\fruit_0576.jpg,6
tenclass\tulip\tulip227.jpg,9
tenclass\dog\dog_0417.jpg,3
tenclass\car\1222.jpg,1
tenclass\airplane\12.jpg,0
tenclass\fish\fish107.jpg,4
tenclass\car\1044.jpg,1
tenclass\cat\cat_0446.jpg,2
tenclass\dog\dog_0410.jpg,3
tenclass\dog\dog_0155.jpg,3
tenclass\fish\fish424.jpg,4
tenclass\fruit\fruit_0295.jpg,6
tenclass\cat\cat_0069.jpg,2
tenclass\car\852.jpg,1
tenclass\cat\cat_0150.jpg,2
tenclass\fish\fish78.jpg,4
tenclass\fish\fish21.jpg,4
tenclass\cat\cat_0148.jpg,2
tenclass\flowers\flowers317.jpg,5
tenclass\tulip\tulip575.jpg,9
tenclass\car\1175.jpg,1
tenclass\tulip\tulip585.jpg,9
tenclass\tulip\tulip333.jpg,9
tenclass\tulip\tulip117.jpg,9
tenclass\motor\motorbike_0052.jpg,7
tenclass\tulip\tulip61.jpg,9
tenclass\fruit\fruit_0274.jpg,6
tenclass\airplane\84.jpg,0
tenclass\fruit\fruit_0081.jpg,6
tenclass\person\person165.jpg,8
tenclass\flowers\flowers595.jpg,5
tenclass\fish\fish442.jpg,4
tenclass\fish\fish53.jpg,4
tenclass\tulip\tulip593.jpg,9
tenclass\person\person550.jpg,8
tenclass\tulip\tulip447.jpg,9
tenclass\cat\cat_0078.jpg,2
tenclass\flowers\flowers83.jpg,5
tenclass\dog\dog_0376.jpg,3
tenclass\tulip\tulip144.jpg,9
tenclass\car\824.jpg,1
tenclass\flowers\flowers560.jpg,5
tenclass\car\857.jpg,1
tenclass\fruit\fruit_0508.jpg,6
tenclass\fruit\fruit_0371.jpg,6
tenclass\person\person310.jpg,8
tenclass\dog\dog_0198.jpg,3
tenclass\person\person371.jpg,8
tenclass\motor\motorbike_0114.jpg,7
tenclass\dog\dog_0460.jpg,3
tenclass\fish\fish482.jpg,4
tenclass\airplane\32.jpg,0
tenclass\dog\dog_0226.jpg,3
tenclass\fish\fish38.jpg,4
tenclass\person\person330.jpg,8
tenclass\airplane\437.jpg,0
tenclass\motor\motorbike_0207.jpg,7
tenclass\motor\motorbike_0012.jpg,7
tenclass\fruit\fruit_0214.jpg,6
tenclass\fruit\fruit_0104.jpg,6
tenclass\motor\motorbike_0435.jpg,7
tenclass\flowers\flowers524.jpg,5
tenclass\cat\cat_0250.jpg,2
tenclass\dog\dog_0574.jpg,3
tenclass\tulip\tulip320.jpg,9
tenclass\airplane\58.jpg,0
tenclass\fruit\fruit_0482.jpg,6
tenclass\motor\motorbike_0162.jpg,7
tenclass\dog\dog_0185.jpg,3
tenclass\car\1082.jpg,1
tenclass\flowers\flowers264.jpg,5
tenclass\cat\cat_0162.jpg,2
tenclass\airplane\227.jpg,0
tenclass\person\person236.jpg,8
tenclass\dog\dog_0213.jpg,3
tenclass\flowers\flowers461.jpg,5
tenclass\cat\cat_0246.jpg,2
tenclass\car\808.jpg,1
tenclass\motor\motorbike_0358.jpg,7
tenclass\airplane\552.jpg,0
tenclass\fish\fish469.jpg,4
tenclass\motor\motorbike_0027.jpg,7
tenclass\flowers\flowers68.jpg,5
tenclass\cat\cat_0271.jpg,2
tenclass\fish\fish380.jpg,4
tenclass\motor\motorbike_0561.jpg,7
tenclass\cat\cat_0537.jpg,2
tenclass\dog\dog_0406.jpg,3
tenclass\car\1091.jpg,1
tenclass\person\person62.jpg,8
tenclass\airplane\105.jpg,0
tenclass\motor\motorbike_0053.jpg,7
tenclass\fish\fish55.jpg,4
tenclass\motor\motorbike_0176.jpg,7
tenclass\tulip\tulip287.jpg,9
tenclass\fruit\fruit_0344.jpg,6
tenclass\car\980.jpg,1
tenclass\fish\fish555.jpg,4
tenclass\tulip\tulip180.jpg,9
tenclass\fruit\fruit_0112.jpg,6
tenclass\cat\cat_0546.jpg,2
tenclass\cat\cat_0471.jpg,2
tenclass\motor\motorbike_0078.jpg,7
tenclass\motor\motorbike_0312.jpg,7
tenclass\fruit\fruit_0359.jpg,6
tenclass\fish\fish171.jpg,4
tenclass\person\person132.jpg,8
tenclass\dog\dog_0534.jpg,3
tenclass\cat\cat_0460.jpg,2
tenclass\fish\fish559.jpg,4
tenclass\person\person332.jpg,8
tenclass\flowers\flowers30.jpg,5
tenclass\motor\motorbike_0254.jpg,7
tenclass\airplane\295.jpg,0
tenclass\airplane\599.jpg,0
tenclass\fish\fish208.jpg,4
tenclass\flowers\flowers177.jpg,5
tenclass\car\1058.jpg,1
tenclass\cat\cat_0550.jpg,2
tenclass\motor\motorbike_0186.jpg,7
tenclass\fish\fish264.jpg,4
tenclass\motor\motorbike_0118.jpg,7
tenclass\car\1185.jpg,1
tenclass\car\863.jpg,1
tenclass\motor\motorbike_0100.jpg,7
tenclass\motor\motorbike_0406.jpg,7
tenclass\motor\motorbike_0222.jpg,7
tenclass\airplane\356.jpg,0
tenclass\fish\fish0.jpg,4
tenclass\fish\fish187.jpg,4
tenclass\airplane\499.jpg,0
tenclass\flowers\flowers199.jpg,5
tenclass\dog\dog_0133.jpg,3
tenclass\fruit\fruit_0061.jpg,6
tenclass\airplane\376.jpg,0
tenclass\car\786.jpg,1
tenclass\flowers\flowers230.jpg,5
tenclass\motor\motorbike_0589.jpg,7
tenclass\motor\motorbike_0074.jpg,7
tenclass\cat\cat_0387.jpg,2
tenclass\airplane\278.jpg,0
tenclass\dog\dog_0194.jpg,3
tenclass\person\person399.jpg,8
tenclass\car\902.jpg,1
tenclass\flowers\flowers589.jpg,5
tenclass\fruit\fruit_0572.jpg,6
tenclass\dog\dog_0237.jpg,3
tenclass\person\person318.jpg,8
tenclass\tulip\tulip35.jpg,9
tenclass\airplane\107.jpg,0
tenclass\person\person60.jpg,8
tenclass\fruit\fruit_0206.jpg,6
tenclass\motor\motorbike_0239.jpg,7
tenclass\dog\dog_0219.jpg,3
tenclass\cat\cat_0116.jpg,2
tenclass\motor\motorbike_0330.jpg,7
tenclass\fruit\fruit_0352.jpg,6
tenclass\dog\dog_0476.jpg,3
tenclass\flowers\flowers55.jpg,5
tenclass\fruit\fruit_0362.jpg,6
tenclass\person\person418.jpg,8
tenclass\motor\motorbike_0550.jpg,7
tenclass\fruit\fruit_0369.jpg,6
tenclass\person\person1.jpg,8
tenclass\flowers\flowers107.jpg,5
tenclass\cat\cat_0489.jpg,2
tenclass\cat\cat_0367.jpg,2
tenclass\fish\fish146.jpg,4
tenclass\airplane\505.jpg,0
tenclass\fruit\fruit_0259.jpg,6
tenclass\car\837.jpg,1
tenclass\car\1028.jpg,1
tenclass\dog\dog_0411.jpg,3
tenclass\car\1280.jpg,1
tenclass\fish\fish531.jpg,4
tenclass\airplane\198.jpg,0
tenclass\motor\motorbike_0523.jpg,7
tenclass\car\1220.jpg,1
tenclass\tulip\tulip26.jpg,9
tenclass\fish\fish316.jpg,4
tenclass\flowers\flowers126.jpg,5
tenclass\car\833.jpg,1
tenclass\motor\motorbike_0140.jpg,7
tenclass\cat\cat_0452.jpg,2
tenclass\car\1155.jpg,1
tenclass\airplane\276.jpg,0
tenclass\fish\fish430.jpg,4
tenclass\fish\fish493.jpg,4
tenclass\person\person307.jpg,8
tenclass\dog\dog_0557.jpg,3
tenclass\fish\fish189.jpg,4
tenclass\flowers\flowers148.jpg,5
tenclass\dog\dog_0142.jpg,3
tenclass\fruit\fruit_0138.jpg,6
tenclass\dog\dog_0314.jpg,3
tenclass\person\person291.jpg,8
tenclass\tulip\tulip387.jpg,9
tenclass\car\1264.jpg,1
tenclass\tulip\tulip131.jpg,9
tenclass\fish\fish393.jpg,4
tenclass\fish\fish193.jpg,4
tenclass\tulip\tulip254.jpg,9
tenclass\tulip\tulip265.jpg,9
tenclass\dog\dog_0193.jpg,3
tenclass\fish\fish118.jpg,4
tenclass\cat\cat_0287.jpg,2
tenclass\car\978.jpg,1
tenclass\airplane\275.jpg,0
tenclass\car\739.jpg,1
tenclass\motor\motorbike_0492.jpg,7
tenclass\fruit\fruit_0374.jpg,6
tenclass\airplane\156.jpg,0
tenclass\person\person210.jpg,8
tenclass\person\person93.jpg,8
tenclass\motor\motorbike_0442.jpg,7
tenclass\fish\fish26.jpg,4
tenclass\car\1027.jpg,1
tenclass\dog\dog_0473.jpg,3
tenclass\dog\dog_0505.jpg,3
tenclass\cat\cat_0566.jpg,2
tenclass\person\person185.jpg,8
tenclass\fruit\fruit_0117.jpg,6
tenclass\dog\dog_0431.jpg,3
tenclass\fruit\fruit_0488.jpg,6
tenclass\car\1048.jpg,1
tenclass\car\988.jpg,1
tenclass\tulip\tulip529.jpg,9
tenclass\fish\fish512.jpg,4
tenclass\airplane\592.jpg,0
tenclass\fruit\fruit_0204.jpg,6
tenclass\fruit\fruit_0099.jpg,6
tenclass\dog\dog_0246.jpg,3
tenclass\person\person263.jpg,8
tenclass\flowers\flowers72.jpg,5
tenclass\cat\cat_0260.jpg,2
tenclass\tulip\tulip154.jpg,9
tenclass\car\822.jpg,1
tenclass\dog\dog_0218.jpg,3
tenclass\fish\fish267.jpg,4
tenclass\person\person217.jpg,8
tenclass\cat\cat_0341.jpg,2
tenclass\person\person531.jpg,8
tenclass\cat\cat_0410.jpg,2
tenclass\flowers\flowers329.jpg,5
tenclass\airplane\597.jpg,0
tenclass\car\783.jpg,1
tenclass\airplane\573.jpg,0
tenclass\flowers\flowers590.jpg,5
tenclass\tulip\tulip328.jpg,9
tenclass\fish\fish218.jpg,4
tenclass\fruit\fruit_0588.jpg,6
tenclass\person\person232.jpg,8
tenclass\cat\cat_0080.jpg,2
tenclass\tulip\tulip196.jpg,9
tenclass\person\person580.jpg,8
tenclass\airplane\339.jpg,0
tenclass\motor\motorbike_0472.jpg,7
tenclass\person\person492.jpg,8
tenclass\cat\cat_0368.jpg,2
tenclass\tulip\tulip379.jpg,9
tenclass\person\person25.jpg,8
tenclass\fruit\fruit_0199.jpg,6
tenclass\person\person79.jpg,8
tenclass\motor\motorbike_0011.jpg,7
tenclass\fish\fish306.jpg,4
tenclass\fish\fish558.jpg,4
tenclass\flowers\flowers25.jpg,5
tenclass\car\934.jpg,1
tenclass\fish\fish502.jpg,4
tenclass\tulip\tulip44.jpg,9
tenclass\fish\fish167.jpg,4
tenclass\fish\fish72.jpg,4
tenclass\fruit\fruit_0478.jpg,6
tenclass\fruit\fruit_0487.jpg,6
tenclass\car\816.jpg,1
tenclass\airplane\279.jpg,0
tenclass\dog\dog_0300.jpg,3
tenclass\fruit\fruit_0582.jpg,6
tenclass\person\person597.jpg,8
tenclass\fish\fish9.jpg,4
tenclass\fruit\fruit_0528.jpg,6
tenclass\person\person313.jpg,8
tenclass\dog\dog_0280.jpg,3
tenclass\tulip\tulip404.jpg,9
tenclass\motor\motorbike_0286.jpg,7
tenclass\motor\motorbike_0544.jpg,7
tenclass\fish\fish95.jpg,4
tenclass\fruit\fruit_0119.jpg,6
tenclass\cat\cat_0596.jpg,2
tenclass\motor\motorbike_0375.jpg,7
tenclass\dog\dog_0061.jpg,3
tenclass\person\person118.jpg,8
tenclass\fish\fish353.jpg,4
tenclass\person\person27.jpg,8
tenclass\flowers\flowers594.jpg,5
tenclass\flowers\flowers303.jpg,5
tenclass\person\person456.jpg,8
tenclass\car\1043.jpg,1
tenclass\tulip\tulip157.jpg,9
tenclass\flowers\flowers358.jpg,5
tenclass\airplane\167.jpg,0
tenclass\airplane\426.jpg,0
tenclass\tulip\tulip401.jpg,9
tenclass\fruit\fruit_0586.jpg,6
tenclass\dog\dog_0095.jpg,3
tenclass\airplane\366.jpg,0
tenclass\fruit\fruit_0312.jpg,6
tenclass\motor\motorbike_0091.jpg,7
tenclass\flowers\flowers345.jpg,5
tenclass\cat\cat_0462.jpg,2
tenclass\fruit\fruit_0335.jpg,6
tenclass\fruit\fruit_0221.jpg,6
tenclass\airplane\418.jpg,0
tenclass\flowers\flowers27.jpg,5
tenclass\car\1153.jpg,1
tenclass\cat\cat_0303.jpg,2
tenclass\person\person433.jpg,8
tenclass\person\person284.jpg,8
tenclass\dog\dog_0332.jpg,3
tenclass\fruit\fruit_0037.jpg,6
tenclass\airplane\267.jpg,0
tenclass\dog\dog_0051.jpg,3
tenclass\dog\dog_0168.jpg,3
tenclass\tulip\tulip21.jpg,9
tenclass\fruit\fruit_0193.jpg,6
tenclass\person\person443.jpg,8
tenclass\person\person478.jpg,8
tenclass\tulip\tulip244.jpg,9
tenclass\flowers\flowers86.jpg,5
tenclass\fruit\fruit_0255.jpg,6
tenclass\fish\fish548.jpg,4
tenclass\tulip\tulip129.jpg,9
tenclass\flowers\flowers58.jpg,5
tenclass\tulip\tulip283.jpg,9
tenclass\airplane\493.jpg,0
tenclass\tulip\tulip58.jpg,9
tenclass\person\person72.jpg,8
tenclass\fish\fish111.jpg,4
tenclass\dog\dog_0568.jpg,3
tenclass\cat\cat_0061.jpg,2
tenclass\motor\motorbike_0528.jpg,7
tenclass\cat\cat_0195.jpg,2
tenclass\airplane\239.jpg,0
tenclass\person\person170.jpg,8
tenclass\cat\cat_0230.jpg,2
tenclass\motor\motorbike_0191.jpg,7
tenclass\motor\motorbike_0139.jpg,7
tenclass\flowers\flowers368.jpg,5
tenclass\fruit\fruit_0411.jpg,6
tenclass\airplane\357.jpg,0
tenclass\car\1229.jpg,1
tenclass\motor\motorbike_0065.jpg,7
tenclass\person\person382.jpg,8
tenclass\dog\dog_0483.jpg,3
tenclass\flowers\flowers202.jpg,5
tenclass\car\880.jpg,1
tenclass\motor\motorbike_0537.jpg,7
tenclass\dog\dog_0539.jpg,3
tenclass\cat\cat_0156.jpg,2
tenclass\dog\dog_0507.jpg,3
tenclass\car\834.jpg,1
tenclass\person\person134.jpg,8
tenclass\person\person373.jpg,8
tenclass\fruit\fruit_0182.jpg,6
tenclass\cat\cat_0364.jpg,2
tenclass\cat\cat_0110.jpg,2
tenclass\fish\fish585.jpg,4
tenclass\motor\motorbike_0146.jpg,7
tenclass\car\1162.jpg,1
tenclass\fish\fish44.jpg,4
tenclass\car\944.jpg,1
tenclass\car\842.jpg,1
tenclass\fish\fish150.jpg,4
tenclass\dog\dog_0448.jpg,3
tenclass\fruit\fruit_0235.jpg,6
tenclass\person\person137.jpg,8
tenclass\tulip\tulip60.jpg,9
tenclass\person\person88.jpg,8
tenclass\airplane\452.jpg,0
tenclass\cat\cat_0468.jpg,2
tenclass\tulip\tulip406.jpg,9
tenclass\car\964.jpg,1
tenclass\fish\fish153.jpg,4
tenclass\tulip\tulip509.jpg,9
tenclass\tulip\tulip372.jpg,9
tenclass\person\person258.jpg,8
tenclass\fruit\fruit_0522.jpg,6
tenclass\motor\motorbike_0110.jpg,7
tenclass\airplane\274.jpg,0
tenclass\person\person367.jpg,8
tenclass\flowers\flowers580.jpg,5
tenclass\tulip\tulip501.jpg,9
tenclass\tulip\tulip62.jpg,9
tenclass\person\person483.jpg,8
tenclass\tulip\tulip448.jpg,9
tenclass\fish\fish121.jpg,4
tenclass\person\person587.jpg,8
tenclass\tulip\tulip477.jpg,9
tenclass\motor\motorbike_0102.jpg,7
tenclass\airplane\323.jpg,0
tenclass\person\person108.jpg,8
tenclass\fish\fish373.jpg,4
tenclass\cat\cat_0056.jpg,2
tenclass\dog\dog_0212.jpg,3
tenclass\fish\fish431.jpg,4
tenclass\dog\dog_0122.jpg,3
tenclass\motor\motorbike_0203.jpg,7
tenclass\fish\fish525.jpg,4
tenclass\flowers\flowers459.jpg,5
tenclass\tulip\tulip450.jpg,9
tenclass\fruit\fruit_0459.jpg,6
tenclass\flowers\flowers536.jpg,5
tenclass\fruit\fruit_0517.jpg,6
tenclass\tulip\tulip258.jpg,9
tenclass\cat\cat_0594.jpg,2
tenclass\flowers\flowers104.jpg,5
tenclass\airplane\560.jpg,0
tenclass\car\867.jpg,1
tenclass\flowers\flowers6.jpg,5
tenclass\fish\fish505.jpg,4
tenclass\airplane\383.jpg,0
tenclass\dog\dog_0125.jpg,3
tenclass\fish\fish477.jpg,4
tenclass\motor\motorbike_0579.jpg,7
tenclass\fruit\fruit_0365.jpg,6
tenclass\car\789.jpg,1
tenclass\airplane\71.jpg,0
tenclass\fish\fish76.jpg,4
tenclass\fruit\fruit_0470.jpg,6
tenclass\flowers\flowers134.jpg,5
tenclass\fruit\fruit_0151.jpg,6
tenclass\cat\cat_0035.jpg,2
tenclass\person\person42.jpg,8
tenclass\cat\cat_0027.jpg,2
tenclass\car\1221.jpg,1
tenclass\person\person385.jpg,8
tenclass\airplane\346.jpg,0
tenclass\tulip\tulip485.jpg,9
tenclass\dog\dog_0065.jpg,3
tenclass\airplane\101.jpg,0
tenclass\fruit\fruit_0420.jpg,6
tenclass\fish\fish22.jpg,4
tenclass\airplane\104.jpg,0
tenclass\airplane\96.jpg,0
tenclass\cat\cat_0108.jpg,2
tenclass\car\1315.jpg,1
tenclass\cat\cat_0322.jpg,2
tenclass\tulip\tulip298.jpg,9
tenclass\dog\dog_0135.jpg,3
tenclass\flowers\flowers91.jpg,5
tenclass\flowers\flowers2.jpg,5
tenclass\person\person595.jpg,8
tenclass\airplane\317.jpg,0
tenclass\fruit\fruit_0338.jpg,6
tenclass\fish\fish409.jpg,4
tenclass\tulip\tulip249.jpg,9
tenclass\airplane\158.jpg,0
tenclass\tulip\tulip106.jpg,9
tenclass\motor\motorbike_0024.jpg,7
tenclass\person\person323.jpg,8
tenclass\car\914.jpg,1
tenclass\car\1032.jpg,1
tenclass\fish\fish236.jpg,4
tenclass\car\1138.jpg,1
tenclass\person\person162.jpg,8
tenclass\fish\fish388.jpg,4
tenclass\airplane\530.jpg,0
tenclass\fruit\fruit_0426.jpg,6
tenclass\fish\fish159.jpg,4
tenclass\motor\motorbike_0240.jpg,7
tenclass\motor\motorbike_0163.jpg,7
tenclass\dog\dog_0347.jpg,3
tenclass\person\person106.jpg,8
tenclass\flowers\flowers526.jpg,5
tenclass\tulip\tulip559.jpg,9
tenclass\fish\fish527.jpg,4
tenclass\flowers\flowers322.jpg,5
tenclass\car\1075.jpg,1
tenclass\cat\cat_0214.jpg,2
tenclass\person\person584.jpg,8
tenclass\cat\cat_0147.jpg,2
tenclass\car\959.jpg,1
tenclass\person\person128.jpg,8
tenclass\dog\dog_0111.jpg,3
tenclass\tulip\tulip174.jpg,9
tenclass\tulip\tulip325.jpg,9
tenclass\fruit\fruit_0363.jpg,6
tenclass\tulip\tulip578.jpg,9
tenclass\fruit\fruit_0017.jpg,6
tenclass\flowers\flowers501.jpg,5
tenclass\tulip\tulip87.jpg,9
tenclass\airplane\569.jpg,0
tenclass\airplane\113.jpg,0
tenclass\airplane\215.jpg,0
tenclass\flowers\flowers113.jpg,5
tenclass\airplane\450.jpg,0
tenclass\motor\motorbike_0213.jpg,7
tenclass\fruit\fruit_0412.jpg,6
tenclass\flowers\flowers181.jpg,5
tenclass\tulip\tulip316.jpg,9
tenclass\flowers\flowers399.jpg,5
tenclass\airplane\529.jpg,0
tenclass\cat\cat_0009.jpg,2
tenclass\cat\cat_0500.jpg,2
tenclass\cat\cat_0354.jpg,2
tenclass\motor\motorbike_0168.jpg,7
tenclass\person\person364.jpg,8
tenclass\flowers\flowers218.jpg,5
tenclass\fruit\fruit_0331.jpg,6
tenclass\tulip\tulip435.jpg,9
tenclass\fruit\fruit_0481.jpg,6
tenclass\airplane\241.jpg,0
tenclass\dog\dog_0425.jpg,3
tenclass\car\1293.jpg,1
tenclass\tulip\tulip168.jpg,9
tenclass\tulip\tulip538.jpg,9
tenclass\fruit\fruit_0015.jpg,6
tenclass\person\person553.jpg,8
tenclass\dog\dog_0022.jpg,3
tenclass\fish\fish517.jpg,4
tenclass\person\person192.jpg,8
tenclass\cat\cat_0146.jpg,2
tenclass\airplane\139.jpg,0
tenclass\tulip\tulip459.jpg,9
tenclass\flowers\flowers143.jpg,5
tenclass\dog\dog_0021.jpg,3
tenclass\person\person265.jpg,8
tenclass\fish\fish253.jpg,4
tenclass\flowers\flowers575.jpg,5
tenclass\fish\fish186.jpg,4
tenclass\flowers\flowers120.jpg,5
tenclass\dog\dog_0268.jpg,3
tenclass\motor\motorbike_0279.jpg,7
tenclass\person\person100.jpg,8
tenclass\flowers\flowers49.jpg,5
tenclass\fish\fish352.jpg,4
tenclass\tulip\tulip564.jpg,9
tenclass\fish\fish508.jpg,4
tenclass\cat\cat_0432.jpg,2
tenclass\cat\cat_0423.jpg,2
tenclass\car\1167.jpg,1
tenclass\car\736.jpg,1
tenclass\tulip\tulip172.jpg,9
tenclass\flowers\flowers513.jpg,5
tenclass\person\person481.jpg,8
tenclass\dog\dog_0480.jpg,3
tenclass\airplane\178.jpg,0
tenclass\cat\cat_0228.jpg,2
tenclass\airplane\313.jpg,0
tenclass\car\1050.jpg,1
tenclass\car\982.jpg,1
tenclass\motor\motorbike_0034.jpg,7
tenclass\cat\cat_0358.jpg,2
tenclass\airplane\300.jpg,0
tenclass\cat\cat_0464.jpg,2
tenclass\dog\dog_0075.jpg,3
tenclass\car\924.jpg,1
tenclass\fruit\fruit_0323.jpg,6
tenclass\dog\dog_0588.jpg,3
tenclass\person\person537.jpg,8
tenclass\car\1324.jpg,1
tenclass\car\1212.jpg,1
tenclass\person\person173.jpg,8
tenclass\fruit\fruit_0490.jpg,6
tenclass\person\person497.jpg,8
tenclass\flowers\flowers430.jpg,5
tenclass\motor\motorbike_0166.jpg,7
tenclass\fruit\fruit_0327.jpg,6
tenclass\car\1180.jpg,1
tenclass\fruit\fruit_0433.jpg,6
tenclass\dog\dog_0167.jpg,3
tenclass\cat\cat_0288.jpg,2
tenclass\fruit\fruit_0261.jpg,6
tenclass\person\person331.jpg,8
tenclass\tulip\tulip570.jpg,9
tenclass\cat\cat_0440.jpg,2
tenclass\airplane\87.jpg,0
tenclass\person\person54.jpg,8
tenclass\dog\dog_0573.jpg,3
tenclass\motor\motorbike_0089.jpg,7
tenclass\motor\motorbike_0303.jpg,7
tenclass\tulip\tulip427.jpg,9
tenclass\motor\motorbike_0309.jpg,7
tenclass\person\person87.jpg,8
tenclass\fish\fish575.jpg,4
tenclass\person\person3.jpg,8
tenclass\motor\motorbike_0549.jpg,7
tenclass\cat\cat_0053.jpg,2
tenclass\flowers\flowers112.jpg,5
tenclass\motor\motorbike_0164.jpg,7
tenclass\fish\fish395.jpg,4
tenclass\fish\fish476.jpg,4
tenclass\flowers\flowers309.jpg,5
tenclass\fish\fish435.jpg,4
tenclass\fruit\fruit_0032.jpg,6
tenclass\motor\motorbike_0265.jpg,7
tenclass\fish\fish498.jpg,4
tenclass\person\person178.jpg,8
tenclass\car\897.jpg,1
tenclass\car\728.jpg,1
tenclass\dog\dog_0491.jpg,3
tenclass\flowers\flowers591.jpg,5
tenclass\fish\fish247.jpg,4
tenclass\fish\fish516.jpg,4
tenclass\motor\motorbike_0046.jpg,7
tenclass\car\748.jpg,1
tenclass\cat\cat_0589.jpg,2
tenclass\car\1012.jpg,1
tenclass\fruit\fruit_0006.jpg,6
tenclass\flowers\flowers100.jpg,5
tenclass\fruit\fruit_0005.jpg,6
tenclass\fish\fish102.jpg,4
tenclass\tulip\tulip364.jpg,9
tenclass\motor\motorbike_0320.jpg,7
tenclass\cat\cat_0541.jpg,2
tenclass\fish\fish287.jpg,4
tenclass\person\person335.jpg,8
tenclass\dog\dog_0563.jpg,3
tenclass\person\person196.jpg,8
tenclass\car\1256.jpg,1
tenclass\dog\dog_0378.jpg,3
tenclass\fruit\fruit_0540.jpg,6
tenclass\tulip\tulip156.jpg,9
tenclass\cat\cat_0431.jpg,2
tenclass\dog\dog_0178.jpg,3
tenclass\fish\fish403.jpg,4
tenclass\tulip\tulip29.jpg,9
tenclass\car\1024.jpg,1
tenclass\cat\cat_0330.jpg,2
tenclass\flowers\flowers81.jpg,5
tenclass\cat\cat_0564.jpg,2
tenclass\person\person61.jpg,8
tenclass\fruit\fruit_0553.jpg,6
tenclass\dog\dog_0252.jpg,3
tenclass\cat\cat_0164.jpg,2
tenclass\fruit\fruit_0477.jpg,6
tenclass\car\1011.jpg,1
tenclass\tulip\tulip396.jpg,9
tenclass\airplane\354.jpg,0
tenclass\motor\motorbike_0505.jpg,7
tenclass\car\1087.jpg,1
tenclass\tulip\tulip574.jpg,9
tenclass\fish\fish85.jpg,4
tenclass\person\person279.jpg,8
tenclass\flowers\flowers336.jpg,5
tenclass\car\1318.jpg,1
tenclass\airplane\20.jpg,0
tenclass\motor\motorbike_0051.jpg,7
tenclass\airplane\255.jpg,0
tenclass\tulip\tulip527.jpg,9
tenclass\motor\motorbike_0206.jpg,7
tenclass\car\1132.jpg,1
tenclass\airplane\533.jpg,0
tenclass\person\person440.jpg,8
tenclass\car\1102.jpg,1
tenclass\motor\motorbike_0377.jpg,7
tenclass\car\773.jpg,1
tenclass\cat\cat_0067.jpg,2
tenclass\person\person225.jpg,8
tenclass\person\person379.jpg,8
tenclass\cat\cat_0568.jpg,2
tenclass\airplane\393.jpg,0
tenclass\dog\dog_0002.jpg,3
tenclass\fruit\fruit_0031.jpg,6
tenclass\car\1151.jpg,1
tenclass\cat\cat_0186.jpg,2
tenclass\car\1064.jpg,1
tenclass\tulip\tulip181.jpg,9
tenclass\fruit\fruit_0382.jpg,6
tenclass\fruit\fruit_0518.jpg,6
tenclass\fish\fish563.jpg,4
tenclass\fish\fish224.jpg,4
tenclass\tulip\tulip201.jpg,9
tenclass\fish\fish30.jpg,4
tenclass\tulip\tulip340.jpg,9
tenclass\person\person35.jpg,8
tenclass\airplane\24.jpg,0
tenclass\person\person504.jpg,8
tenclass\fish\fish354.jpg,4
tenclass\tulip\tulip86.jpg,9
tenclass\cat\cat_0218.jpg,2
tenclass\airplane\297.jpg,0
tenclass\airplane\224.jpg,0
tenclass\dog\dog_0416.jpg,3
tenclass\cat\cat_0115.jpg,2
tenclass\airplane\230.jpg,0
tenclass\fish\fish82.jpg,4
tenclass\airplane\154.jpg,0
tenclass\fruit\fruit_0450.jpg,6
tenclass\cat\cat_0583.jpg,2
tenclass\cat\cat_0429.jpg,2
tenclass\fruit\fruit_0076.jpg,6
tenclass\fish\fish258.jpg,4
tenclass\fruit\fruit_0408.jpg,6
tenclass\fruit\fruit_0591.jpg,6
tenclass\cat\cat_0560.jpg,2
tenclass\dog\dog_0458.jpg,3
tenclass\flowers\flowers155.jpg,5
tenclass\airplane\391.jpg,0
tenclass\airplane\42.jpg,0
tenclass\airplane\290.jpg,0
tenclass\fish\fish532.jpg,4
tenclass\dog\dog_0247.jpg,3
tenclass\person\person184.jpg,8
tenclass\person\person197.jpg,8
tenclass\person\person459.jpg,8
tenclass\fish\fish196.jpg,4
tenclass\car\1265.jpg,1
tenclass\fruit\fruit_0430.jpg,6
tenclass\car\1100.jpg,1
tenclass\flowers\flowers473.jpg,5
tenclass\dog\dog_0184.jpg,3
tenclass\fruit\fruit_0184.jpg,6
tenclass\airplane\123.jpg,0
tenclass\flowers\flowers319.jpg,5
tenclass\motor\motorbike_0512.jpg,7
tenclass\fish\fish225.jpg,4
tenclass\airplane\400.jpg,0
tenclass\dog\dog_0238.jpg,3
tenclass\fish\fish185.jpg,4
tenclass\fish\fish79.jpg,4
tenclass\dog\dog_0158.jpg,3
tenclass\motor\motorbike_0499.jpg,7
tenclass\airplane\168.jpg,0
tenclass\motor\motorbike_0466.jpg,7
tenclass\tulip\tulip537.jpg,9
tenclass\flowers\flowers90.jpg,5
tenclass\car\754.jpg,1
tenclass\dog\dog_0261.jpg,3
tenclass\flowers\flowers388.jpg,5
tenclass\car\1193.jpg,1
tenclass\person\person473.jpg,8
tenclass\tulip\tulip199.jpg,9
tenclass\fish\fish270.jpg,4
tenclass\tulip\tulip189.jpg,9
tenclass\cat\cat_0084.jpg,2
tenclass\tulip\tulip12.jpg,9
tenclass\tulip\tulip84.jpg,9
tenclass\tulip\tulip385.jpg,9
tenclass\person\person319.jpg,8
tenclass\person\person52.jpg,8
tenclass\flowers\flowers315.jpg,5
tenclass\airplane\288.jpg,0
tenclass\car\1166.jpg,1
tenclass\dog\dog_0551.jpg,3
tenclass\person\person347.jpg,8
tenclass\fruit\fruit_0458.jpg,6
tenclass\fruit\fruit_0413.jpg,6
tenclass\car\1286.jpg,1
tenclass\airplane\549.jpg,0
tenclass\fruit\fruit_0546.jpg,6
tenclass\dog\dog_0084.jpg,3
tenclass\flowers\flowers392.jpg,5
tenclass\flowers\flowers220.jpg,5
tenclass\person\person223.jpg,8
tenclass\airplane\157.jpg,0
tenclass\motor\motorbike_0075.jpg,7
tenclass\cat\cat_0229.jpg,2
tenclass\flowers\flowers138.jpg,5
tenclass\tulip\tulip240.jpg,9
tenclass\flowers\flowers243.jpg,5
tenclass\cat\cat_0571.jpg,2
tenclass\tulip\tulip301.jpg,9
tenclass\tulip\tulip66.jpg,9
tenclass\car\1045.jpg,1
tenclass\fish\fish336.jpg,4
tenclass\fish\fish87.jpg,4
tenclass\tulip\tulip52.jpg,9
tenclass\car\732.jpg,1
tenclass\cat\cat_0485.jpg,2
tenclass\dog\dog_0403.jpg,3
tenclass\motor\motorbike_0040.jpg,7
tenclass\fruit\fruit_0077.jpg,6
tenclass\tulip\tulip513.jpg,9
tenclass\car\1218.jpg,1
tenclass\person\person406.jpg,8
tenclass\airplane\277.jpg,0
tenclass\car\864.jpg,1
tenclass\car\1279.jpg,1
tenclass\airplane\425.jpg,0
tenclass\motor\motorbike_0416.jpg,7
tenclass\fish\fish89.jpg,4
tenclass\tulip\tulip239.jpg,9
tenclass\fish\fish359.jpg,4
tenclass\motor\motorbike_0150.jpg,7
tenclass\car\811.jpg,1
tenclass\airplane\459.jpg,0
tenclass\fish\fish255.jpg,4
tenclass\fish\fish582.jpg,4
tenclass\flowers\flowers481.jpg,5
tenclass\tulip\tulip373.jpg,9
tenclass\flowers\flowers53.jpg,5
tenclass\airplane\445.jpg,0
tenclass\motor\motorbike_0497.jpg,7
tenclass\flowers\flowers327.jpg,5
tenclass\dog\dog_0264.jpg,3
tenclass\person\person23.jpg,8
tenclass\motor\motorbike_0278.jpg,7
tenclass\cat\cat_0165.jpg,2
tenclass\cat\cat_0172.jpg,2
tenclass\fish\fish65.jpg,4
tenclass\motor\motorbike_0594.jpg,7
tenclass\car\1200.jpg,1
tenclass\airplane\380.jpg,0
tenclass\car\1213.jpg,1
tenclass\airplane\548.jpg,0
tenclass\flowers\flowers462.jpg,5
tenclass\flowers\flowers301.jpg,5
tenclass\motor\motorbike_0467.jpg,7
tenclass\dog\dog_0176.jpg,3
tenclass\cat\cat_0382.jpg,2
tenclass\cat\cat_0300.jpg,2
tenclass\fruit\fruit_0121.jpg,6
tenclass\flowers\flowers297.jpg,5
tenclass\tulip\tulip112.jpg,9
tenclass\fruit\fruit_0541.jpg,6
tenclass\airplane\502.jpg,0
tenclass\cat\cat_0381.jpg,2
tenclass\person\person306.jpg,8
tenclass\tulip\tulip149.jpg,9
tenclass\car\779.jpg,1
tenclass\motor\motorbike_0495.jpg,7
tenclass\dog\dog_0073.jpg,3
tenclass\fruit\fruit_0007.jpg,6
tenclass\person\person70.jpg,8
tenclass\cat\cat_0000.jpg,2
tenclass\car\853.jpg,1
tenclass\dog\dog_0006.jpg,3
tenclass\car\957.jpg,1
tenclass\dog\dog_0031.jpg,3
tenclass\car\930.jpg,1
tenclass\fish\fish184.jpg,4
tenclass\airplane\273.jpg,0
tenclass\cat\cat_0179.jpg,2
tenclass\fruit\fruit_0451.jpg,6
tenclass\person\person599.jpg,8
tenclass\person\person354.jpg,8
tenclass\cat\cat_0139.jpg,2
tenclass\car\1072.jpg,1
tenclass\tulip\tulip430.jpg,9
tenclass\cat\cat_0533.jpg,2
tenclass\dog\dog_0373.jpg,3
tenclass\car\801.jpg,1
tenclass\flowers\flowers186.jpg,5
tenclass\airplane\220.jpg,0
tenclass\person\person408.jpg,8
tenclass\motor\motorbike_0474.jpg,7
tenclass\person\person226.jpg,8
tenclass\motor\motorbike_0055.jpg,7
tenclass\tulip\tulip451.jpg,9
tenclass\car\756.jpg,1
tenclass\dog\dog_0327.jpg,3
tenclass\airplane\325.jpg,0
tenclass\dog\dog_0249.jpg,3
tenclass\car\1035.jpg,1
tenclass\airplane\411.jpg,0
tenclass\car\1029.jpg,1
tenclass\fruit\fruit_0507.jpg,6
tenclass\dog\dog_0453.jpg,3
tenclass\motor\motorbike_0481.jpg,7
tenclass\airplane\59.jpg,0
tenclass\airplane\511.jpg,0
tenclass\person\person94.jpg,8
tenclass\tulip\tulip499.jpg,9
tenclass\car\1038.jpg,1
tenclass\tulip\tulip76.jpg,9
tenclass\dog\dog_0441.jpg,3
tenclass\car\1259.jpg,1
tenclass\dog\dog_0477.jpg,3
tenclass\flowers\flowers467.jpg,5
tenclass\flowers\flowers570.jpg,5
tenclass\cat\cat_0466.jpg,2
tenclass\tulip\tulip405.jpg,9
tenclass\dog\dog_0578.jpg,3
tenclass\airplane\226.jpg,0
tenclass\car\1255.jpg,1
tenclass\airplane\367.jpg,0
tenclass\dog\dog_0171.jpg,3
tenclass\motor\motorbike_0454.jpg,7
tenclass\fruit\fruit_0036.jpg,6
tenclass\dog\dog_0508.jpg,3
tenclass\dog\dog_0321.jpg,3
tenclass\flowers\flowers166.jpg,5
tenclass\airplane\519.jpg,0
tenclass\dog\dog_0208.jpg,3
tenclass\cat\cat_0518.jpg,2
tenclass\motor\motorbike_0347.jpg,7
tenclass\cat\cat_0054.jpg,2
tenclass\cat\cat_0171.jpg,2
tenclass\motor\motorbike_0178.jpg,7
tenclass\cat\cat_0153.jpg,2
tenclass\fruit\fruit_0589.jpg,6
tenclass\fish\fish302.jpg,4
tenclass\cat\cat_0031.jpg,2
tenclass\motor\motorbike_0088.jpg,7
tenclass\fish\fish488.jpg,4
tenclass\car\941.jpg,1
tenclass\dog\dog_0108.jpg,3
tenclass\flowers\flowers340.jpg,5
tenclass\flowers\flowers330.jpg,5
tenclass\flowers\flowers65.jpg,5
tenclass\airplane\378.jpg,0
tenclass\person\person485.jpg,8
tenclass\person\person302.jpg,8
tenclass\motor\motorbike_0479.jpg,7
tenclass\airplane\479.jpg,0
tenclass\person\person47.jpg,8
tenclass\fish\fish115.jpg,4
tenclass\motor\motorbike_0085.jpg,7
tenclass\dog\dog_0275.jpg,3
tenclass\cat\cat_0482.jpg,2
tenclass\fish\fish345.jpg,4
tenclass\cat\cat_0217.jpg,2
tenclass\dog\dog_0543.jpg,3
tenclass\motor\motorbike_0426.jpg,7
tenclass\person\person409.jpg,8
tenclass\person\person475.jpg,8
tenclass\tulip\tulip517.jpg,9
tenclass\flowers\flowers414.jpg,5
tenclass\flowers\flowers244.jpg,5
tenclass\tulip\tulip141.jpg,9
tenclass\cat\cat_0142.jpg,2
tenclass\car\826.jpg,1
tenclass\cat\cat_0103.jpg,2
tenclass\airplane\203.jpg,0
tenclass\fish\fish25.jpg,4
tenclass\tulip\tulip185.jpg,9
tenclass\fruit\fruit_0018.jpg,6
tenclass\tulip\tulip250.jpg,9
tenclass\car\1274.jpg,1
tenclass\car\734.jpg,1
tenclass\fish\fish518.jpg,4
tenclass\fruit\fruit_0272.jpg,6
tenclass\car\1250.jpg,1
tenclass\person\person46.jpg,8
tenclass\flowers\flowers215.jpg,5
tenclass\fruit\fruit_0581.jpg,6
tenclass\tulip\tulip67.jpg,9
tenclass\fruit\fruit_0060.jpg,6
tenclass\fruit\fruit_0035.jpg,6
tenclass\car\967.jpg,1
tenclass\flowers\flowers548.jpg,5
tenclass\person\person142.jpg,8
tenclass\fish\fish491.jpg,4
tenclass\person\person290.jpg,8
tenclass\tulip\tulip127.jpg,9
tenclass\airplane\595.jpg,0
tenclass\dog\dog_0177.jpg,3
tenclass\motor\motorbike_0437.jpg,7
tenclass\car\1284.jpg,1
tenclass\airplane\434.jpg,0
tenclass\person\person21.jpg,8
tenclass\flowers\flowers470.jpg,5
tenclass\motor\motorbike_0244.jpg,7
tenclass\cat\cat_0040.jpg,2
tenclass\car\729.jpg,1
tenclass\fruit\fruit_0245.jpg,6
tenclass\dog\dog_0199.jpg,3
tenclass\flowers\flowers374.jpg,5
tenclass\airplane\347.jpg,0
tenclass\person\person183.jpg,8
tenclass\fish\fish103.jpg,4
tenclass\cat\cat_0301.jpg,2
tenclass\flowers\flowers263.jpg,5
tenclass\fruit\fruit_0301.jpg,6
tenclass\dog\dog_0391.jpg,3
tenclass\cat\cat_0045.jpg,2
tenclass\motor\motorbike_0181.jpg,7
tenclass\car\1198.jpg,1
tenclass\tulip\tulip558.jpg,9
tenclass\fish\fish241.jpg,4
tenclass\airplane\299.jpg,0
tenclass\person\person522.jpg,8
tenclass\person\person316.jpg,8
tenclass\car\770.jpg,1
tenclass\person\person569.jpg,8
tenclass\tulip\tulip59.jpg,9
tenclass\motor\motorbike_0059.jpg,7
tenclass\tulip\tulip318.jpg,9
tenclass\flowers\flowers232.jpg,5
tenclass\car\1214.jpg,1
tenclass\flowers\flowers359.jpg,5
tenclass\tulip\tulip203.jpg,9
tenclass\fish\fish406.jpg,4
tenclass\person\person464.jpg,8
tenclass\car\911.jpg,1
tenclass\fish\fish198.jpg,4
tenclass\fish\fish100.jpg,4
tenclass\person\person530.jpg,8
tenclass\car\975.jpg,1
tenclass\dog\dog_0398.jpg,3
tenclass\motor\motorbike_0008.jpg,7
tenclass\tulip\tulip73.jpg,9
tenclass\dog\dog_0503.jpg,3
tenclass\car\887.jpg,1
tenclass\fish\fish15.jpg,4
tenclass\person\person510.jpg,8
tenclass\motor\motorbike_0167.jpg,7
tenclass\airplane\587.jpg,0
tenclass\fruit\fruit_0067.jpg,6
tenclass\airplane\474.jpg,0
tenclass\flowers\flowers131.jpg,5
tenclass\flowers\flowers331.jpg,5
tenclass\fruit\fruit_0219.jpg,6
tenclass\cat\cat_0569.jpg,2
tenclass\fish\fish142.jpg,4
tenclass\fish\fish337.jpg,4
tenclass\car\929.jpg,1
tenclass\airplane\556.jpg,0
tenclass\motor\motorbike_0016.jpg,7
tenclass\tulip\tulip28.jpg,9
tenclass\person\person312.jpg,8
tenclass\car\800.jpg,1
tenclass\person\person496.jpg,8
tenclass\car\794.jpg,1
tenclass\person\person107.jpg,8
tenclass\fruit\fruit_0513.jpg,6
tenclass\tulip\tulip317.jpg,9
tenclass\car\1205.jpg,1
tenclass\fruit\fruit_0448.jpg,6
tenclass\fruit\fruit_0418.jpg,6
tenclass\person\person460.jpg,8
tenclass\motor\motorbike_0569.jpg,7
tenclass\person\person583.jpg,8
tenclass\motor\motorbike_0486.jpg,7
tenclass\tulip\tulip257.jpg,9
tenclass\airplane\591.jpg,0
tenclass\person\person453.jpg,8
tenclass\person\person303.jpg,8
tenclass\dog\dog_0196.jpg,3
tenclass\flowers\flowers566.jpg,5
tenclass\fruit\fruit_0525.jpg,6
tenclass\fish\fish439.jpg,4
tenclass\cat\cat_0487.jpg,2
tenclass\car\892.jpg,1
tenclass\airplane\75.jpg,0
tenclass\person\person356.jpg,8
tenclass\car\996.jpg,1
tenclass\car\746.jpg,1
tenclass\fish\fish40.jpg,4
tenclass\fish\fish128.jpg,4
tenclass\cat\cat_0336.jpg,2
tenclass\tulip\tulip561.jpg,9
tenclass\airplane\488.jpg,0
tenclass\fish\fish209.jpg,4
tenclass\cat\cat_0552.jpg,2
tenclass\motor\motorbike_0004.jpg,7
tenclass\airplane\179.jpg,0
tenclass\flowers\flowers287.jpg,5
tenclass\flowers\flowers40.jpg,5
tenclass\car\1172.jpg,1
tenclass\airplane\209.jpg,0
tenclass\cat\cat_0449.jpg,2
tenclass\dog\dog_0381.jpg,3
tenclass\car\908.jpg,1
tenclass\cat\cat_0198.jpg,2
tenclass\fruit\fruit_0399.jpg,6
tenclass\cat\cat_0120.jpg,2
tenclass\motor\motorbike_0134.jpg,7
tenclass\motor\motorbike_0289.jpg,7
tenclass\cat\cat_0581.jpg,2
tenclass\flowers\flowers593.jpg,5
tenclass\cat\cat_0411.jpg,2
tenclass\cat\cat_0231.jpg,2
tenclass\fruit\fruit_0289.jpg,6
tenclass\motor\motorbike_0308.jpg,7
tenclass\cat\cat_0117.jpg,2
tenclass\tulip\tulip80.jpg,9
tenclass\car\1282.jpg,1
tenclass\tulip\tulip207.jpg,9
tenclass\person\person380.jpg,8
tenclass\fish\fish566.jpg,4
tenclass\tulip\tulip2.jpg,9
tenclass\motor\motorbike_0452.jpg,7
tenclass\flowers\flowers458.jpg,5
tenclass\airplane\28.jpg,0
tenclass\motor\motorbike_0113.jpg,7
tenclass\fish\fish588.jpg,4
tenclass\dog\dog_0443.jpg,3
tenclass\motor\motorbike_0242.jpg,7
tenclass\cat\cat_0242.jpg,2
tenclass\flowers\flowers291.jpg,5
tenclass\fish\fish80.jpg,4
tenclass\fruit\fruit_0233.jpg,6
tenclass\dog\dog_0341.jpg,3
tenclass\dog\dog_0126.jpg,3
tenclass\cat\cat_0406.jpg,2
tenclass\person\person219.jpg,8
tenclass\fish\fish62.jpg,4
tenclass\fish\fish341.jpg,4
tenclass\cat\cat_0190.jpg,2
tenclass\motor\motorbike_0434.jpg,7
tenclass\dog\dog_0107.jpg,3
tenclass\flowers\flowers339.jpg,5
tenclass\cat\cat_0389.jpg,2
tenclass\person\person498.jpg,8
tenclass\fish\fish50.jpg,4
tenclass\fruit\fruit_0170.jpg,6
tenclass\fruit\fruit_0070.jpg,6
tenclass\fruit\fruit_0498.jpg,6
tenclass\fruit\fruit_0166.jpg,6
tenclass\airplane\586.jpg,0
tenclass\cat\cat_0204.jpg,2
tenclass\fruit\fruit_0442.jpg,6
tenclass\flowers\flowers445.jpg,5
tenclass\cat\cat_0261.jpg,2
tenclass\dog\dog_0284.jpg,3
tenclass\car\1118.jpg,1
tenclass\dog\dog_0056.jpg,3
tenclass\airplane\382.jpg,0
tenclass\motor\motorbike_0332.jpg,7
tenclass\fish\fish130.jpg,4
tenclass\fruit\fruit_0496.jpg,6
tenclass\airplane\310.jpg,0
tenclass\fish\fish445.jpg,4
tenclass\fish\fish519.jpg,4
tenclass\cat\cat_0163.jpg,2
tenclass\flowers\flowers412.jpg,5
tenclass\flowers\flowers207.jpg,5
tenclass\person\person582.jpg,8
tenclass\fish\fish591.jpg,4
tenclass\person\person256.jpg,8
tenclass\person\person559.jpg,8
tenclass\person\person410.jpg,8
tenclass\dog\dog_0529.jpg,3
tenclass\motor\motorbike_0258.jpg,7
tenclass\car\928.jpg,1
tenclass\person\person156.jpg,8
tenclass\person\person426.jpg,8
tenclass\motor\motorbike_0560.jpg,7
tenclass\dog\dog_0565.jpg,3
tenclass\tulip\tulip462.jpg,9
tenclass\fruit\fruit_0479.jpg,6
tenclass\tulip\tulip526.jpg,9
tenclass\dog\dog_0020.jpg,3
tenclass\cat\cat_0374.jpg,2
tenclass\tulip\tulip41.jpg,9
tenclass\fish\fish309.jpg,4
tenclass\fruit\fruit_0536.jpg,6
tenclass\airplane\130.jpg,0
tenclass\flowers\flowers332.jpg,5
tenclass\tulip\tulip494.jpg,9
tenclass\cat\cat_0101.jpg,2
tenclass\flowers\flowers527.jpg,5
tenclass\motor\motorbike_0271.jpg,7
tenclass\motor\motorbike_0172.jpg,7
tenclass\fish\fish132.jpg,4
tenclass\cat\cat_0327.jpg,2
tenclass\motor\motorbike_0098.jpg,7
tenclass\tulip\tulip282.jpg,9
tenclass\airplane\435.jpg,0
tenclass\tulip\tulip432.jpg,9
tenclass\tulip\tulip300.jpg,9
tenclass\fish\fish383.jpg,4
tenclass\fish\fish567.jpg,4
tenclass\tulip\tulip91.jpg,9
tenclass\fruit\fruit_0256.jpg,6
tenclass\person\person249.jpg,8
tenclass\person\person446.jpg,8
tenclass\fruit\fruit_0074.jpg,6
tenclass\airplane\554.jpg,0
tenclass\dog\dog_0471.jpg,3
tenclass\motor\motorbike_0590.jpg,7
tenclass\person\person208.jpg,8
tenclass\fruit\fruit_0330.jpg,6
tenclass\tulip\tulip176.jpg,9
tenclass\airplane\518.jpg,0
tenclass\tulip\tulip140.jpg,9
tenclass\car\1002.jpg,1
tenclass\tulip\tulip79.jpg,9
tenclass\fruit\fruit_0063.jpg,6
tenclass\motor\motorbike_0039.jpg,7
tenclass\airplane\329.jpg,0
tenclass\motor\motorbike_0576.jpg,7
tenclass\airplane\379.jpg,0
tenclass\dog\dog_0295.jpg,3
tenclass\fruit\fruit_0326.jpg,6
tenclass\flowers\flowers135.jpg,5
tenclass\flowers\flowers469.jpg,5
tenclass\motor\motorbike_0430.jpg,7
tenclass\motor\motorbike_0384.jpg,7
tenclass\car\1030.jpg,1
tenclass\fruit\fruit_0115.jpg,6
tenclass\fruit\fruit_0485.jpg,6
tenclass\tulip\tulip3.jpg,9
tenclass\flowers\flowers484.jpg,5
tenclass\motor\motorbike_0529.jpg,7
tenclass\fruit\fruit_0014.jpg,6
tenclass\fish\fish325.jpg,4
tenclass\fruit\fruit_0058.jpg,6
tenclass\airplane\102.jpg,0
tenclass\airplane\243.jpg,0
tenclass\motor\motorbike_0231.jpg,7
tenclass\tulip\tulip159.jpg,9
tenclass\person\person96.jpg,8
tenclass\cat\cat_0424.jpg,2
tenclass\flowers\flowers382.jpg,5
tenclass\dog\dog_0273.jpg,3
tenclass\cat\cat_0243.jpg,2
tenclass\dog\dog_0148.jpg,3
tenclass\flowers\flowers259.jpg,5
tenclass\cat\cat_0278.jpg,2
tenclass\airplane\440.jpg,0
tenclass\fruit\fruit_0329.jpg,6
tenclass\fish\fish594.jpg,4
tenclass\dog\dog_0415.jpg,3
tenclass\airplane\446.jpg,0
tenclass\flowers\flowers334.jpg,5
tenclass\motor\motorbike_0559.jpg,7
tenclass\fruit\fruit_0064.jpg,6
tenclass\fruit\fruit_0241.jpg,6
tenclass\person\person155.jpg,8
tenclass\cat\cat_0593.jpg,2
tenclass\motor\motorbike_0371.jpg,7
tenclass\tulip\tulip397.jpg,9
tenclass\airplane\242.jpg,0
tenclass\flowers\flowers497.jpg,5
tenclass\fruit\fruit_0505.jpg,6
tenclass\tulip\tulip64.jpg,9
tenclass\person\person429.jpg,8
tenclass\flowers\flowers299.jpg,5
tenclass\tulip\tulip426.jpg,9
tenclass\flowers\flowers97.jpg,5
tenclass\flowers\flowers521.jpg,5
tenclass\car\791.jpg,1
tenclass\cat\cat_0264.jpg,2
tenclass\tulip\tulip491.jpg,9
tenclass\car\987.jpg,1
tenclass\car\1226.jpg,1
tenclass\motor\motorbike_0595.jpg,7
tenclass\fish\fish461.jpg,4
tenclass\cat\cat_0372.jpg,2
tenclass\airplane\509.jpg,0
tenclass\cat\cat_0509.jpg,2
tenclass\cat\cat_0064.jpg,2
tenclass\motor\motorbike_0235.jpg,7
tenclass\fish\fish551.jpg,4
tenclass\flowers\flowers149.jpg,5
tenclass\motor\motorbike_0571.jpg,7
tenclass\airplane\334.jpg,0
tenclass\motor\motorbike_0387.jpg,7
tenclass\person\person179.jpg,8
tenclass\airplane\506.jpg,0
tenclass\airplane\309.jpg,0
tenclass\airplane\98.jpg,0
tenclass\motor\motorbike_0105.jpg,7
tenclass\tulip\tulip342.jpg,9
tenclass\airplane\41.jpg,0
tenclass\dog\dog_0584.jpg,3
tenclass\fruit\fruit_0029.jpg,6
tenclass\motor\motorbike_0552.jpg,7
tenclass\dog\dog_0244.jpg,3
tenclass\car\775.jpg,1
tenclass\cat\cat_0200.jpg,2
tenclass\car\1098.jpg,1
tenclass\cat\cat_0559.jpg,2
tenclass\fruit\fruit_0457.jpg,6
tenclass\fruit\fruit_0406.jpg,6
tenclass\fruit\fruit_0266.jpg,6
tenclass\car\1025.jpg,1
tenclass\fruit\fruit_0393.jpg,6
tenclass\motor\motorbike_0565.jpg,7
tenclass\tulip\tulip371.jpg,9
tenclass\fish\fish500.jpg,4
tenclass\fish\fish294.jpg,4
tenclass\motor\motorbike_0448.jpg,7
tenclass\tulip\tulip272.jpg,9
tenclass\motor\motorbike_0103.jpg,7
tenclass\cat\cat_0359.jpg,2
tenclass\motor\motorbike_0049.jpg,7
tenclass\motor\motorbike_0263.jpg,7
tenclass\flowers\flowers295.jpg,5
tenclass\airplane\256.jpg,0
tenclass\person\person160.jpg,8
tenclass\fruit\fruit_0473.jpg,6
tenclass\fish\fish220.jpg,4
tenclass\tulip\tulip576.jpg,9
tenclass\car\1041.jpg,1
tenclass\car\875.jpg,1
tenclass\cat\cat_0481.jpg,2
tenclass\person\person454.jpg,8
tenclass\car\1191.jpg,1
tenclass\car\1078.jpg,1
tenclass\dog\dog_0201.jpg,3
tenclass\car\1281.jpg,1
tenclass\dog\dog_0456.jpg,3
tenclass\person\person148.jpg,8
tenclass\person\person544.jpg,8
tenclass\flowers\flowers270.jpg,5
tenclass\fruit\fruit_0281.jpg,6
tenclass\motor\motorbike_0352.jpg,7
tenclass\car\936.jpg,1
tenclass\fish\fish434.jpg,4
tenclass\fish\fish583.jpg,4
tenclass\airplane\201.jpg,0
tenclass\airplane\514.jpg,0
tenclass\fish\fish152.jpg,4
tenclass\fish\fish177.jpg,4
tenclass\flowers\flowers17.jpg,5
tenclass\airplane\120.jpg,0
tenclass\fish\fish437.jpg,4
tenclass\motor\motorbike_0553.jpg,7
tenclass\fruit\fruit_0198.jpg,6
tenclass\motor\motorbike_0233.jpg,7
tenclass\car\1263.jpg,1
tenclass\cat\cat_0074.jpg,2
tenclass\fruit\fruit_0097.jpg,6
tenclass\tulip\tulip556.jpg,9
tenclass\motor\motorbike_0500.jpg,7
tenclass\motor\motorbike_0035.jpg,7
tenclass\flowers\flowers406.jpg,5
tenclass\person\person66.jpg,8
tenclass\flowers\flowers74.jpg,5
tenclass\fruit\fruit_0216.jpg,6
tenclass\cat\cat_0563.jpg,2
tenclass\dog\dog_0561.jpg,3
tenclass\person\person467.jpg,8
tenclass\airplane\176.jpg,0
tenclass\fish\fish423.jpg,4
tenclass\cat\cat_0363.jpg,2
tenclass\dog\dog_0307.jpg,3
tenclass\fish\fish332.jpg,4
tenclass\person\person451.jpg,8
tenclass\car\1018.jpg,1
tenclass\flowers\flowers163.jpg,5
tenclass\dog\dog_0088.jpg,3
tenclass\car\1298.jpg,1
tenclass\cat\cat_0212.jpg,2
tenclass\airplane\171.jpg,0
tenclass\airplane\56.jpg,0
tenclass\cat\cat_0097.jpg,2
tenclass\motor\motorbike_0187.jpg,7
tenclass\tulip\tulip390.jpg,9
tenclass\cat\cat_0455.jpg,2
tenclass\motor\motorbike_0580.jpg,7
tenclass\tulip\tulip204.jpg,9
tenclass\tulip\tulip322.jpg,9
tenclass\airplane\542.jpg,0
tenclass\flowers\flowers455.jpg,5
tenclass\dog\dog_0279.jpg,3
tenclass\flowers\flowers203.jpg,5
tenclass\tulip\tulip99.jpg,9
tenclass\tulip\tulip591.jpg,9
tenclass\fruit\fruit_0417.jpg,6
tenclass\cat\cat_0160.jpg,2
tenclass\tulip\tulip226.jpg,9
tenclass\person\person131.jpg,8
tenclass\flowers\flowers539.jpg,5
tenclass\flowers\flowers216.jpg,5
tenclass\dog\dog_0308.jpg,3
tenclass\fruit\fruit_0526.jpg,6
tenclass\cat\cat_0333.jpg,2
tenclass\fish\fish485.jpg,4
tenclass\cat\cat_0379.jpg,2
tenclass\airplane\7.jpg,0
tenclass\person\person541.jpg,8
tenclass\flowers\flowers153.jpg,5
tenclass\dog\dog_0085.jpg,3
tenclass\cat\cat_0211.jpg,2
tenclass\fish\fish339.jpg,4
tenclass\motor\motorbike_0310.jpg,7
tenclass\cat\cat_0129.jpg,2
tenclass\flowers\flowers152.jpg,5
tenclass\tulip\tulip267.jpg,9
tenclass\cat\cat_0420.jpg,2
tenclass\dog\dog_0351.jpg,3
tenclass\fruit\fruit_0476.jpg,6
tenclass\fruit\fruit_0372.jpg,6
tenclass\car\1208.jpg,1
tenclass\motor\motorbike_0093.jpg,7
tenclass\car\943.jpg,1
tenclass\person\person359.jpg,8
tenclass\car\802.jpg,1
tenclass\dog\dog_0598.jpg,3
tenclass\car\1133.jpg,1
tenclass\car\1020.jpg,1
tenclass\tulip\tulip210.jpg,9
tenclass\fruit\fruit_0561.jpg,6
tenclass\dog\dog_0325.jpg,3
tenclass\cat\cat_0542.jpg,2
tenclass\dog\dog_0240.jpg,3
tenclass\airplane\65.jpg,0
tenclass\flowers\flowers109.jpg,5
tenclass\fruit\fruit_0554.jpg,6
tenclass\dog\dog_0076.jpg,3
tenclass\cat\cat_0383.jpg,2
tenclass\airplane\3.jpg,0
tenclass\fruit\fruit_0598.jpg,6
tenclass\fish\fish88.jpg,4
tenclass\cat\cat_0360.jpg,2
tenclass\dog\dog_0047.jpg,3
tenclass\motor\motorbike_0133.jpg,7
tenclass\flowers\flowers253.jpg,5
tenclass\tulip\tulip32.jpg,9
tenclass\cat\cat_0517.jpg,2
tenclass\flowers\flowers284.jpg,5
tenclass\motor\motorbike_0268.jpg,7
tenclass\motor\motorbike_0408.jpg,7
tenclass\dog\dog_0426.jpg,3
tenclass\flowers\flowers205.jpg,5
tenclass\flowers\flowers175.jpg,5
tenclass\fish\fish537.jpg,4
tenclass\cat\cat_0121.jpg,2
tenclass\car\810.jpg,1
tenclass\motor\motorbike_0246.jpg,7
tenclass\tulip\tulip179.jpg,9
tenclass\cat\cat_0337.jpg,2
tenclass\fruit\fruit_0453.jpg,6
tenclass\tulip\tulip391.jpg,9
tenclass\car\738.jpg,1
tenclass\motor\motorbike_0082.jpg,7
tenclass\motor\motorbike_0185.jpg,7
tenclass\fruit\fruit_0075.jpg,6
tenclass\cat\cat_0475.jpg,2
tenclass\airplane\268.jpg,0
tenclass\fruit\fruit_0527.jpg,6
tenclass\person\person59.jpg,8
tenclass\airplane\155.jpg,0
tenclass\person\person143.jpg,8
tenclass\fruit\fruit_0455.jpg,6
tenclass\motor\motorbike_0402.jpg,7
tenclass\fruit\fruit_0078.jpg,6
tenclass\airplane\1.jpg,0
tenclass\flowers\flowers479.jpg,5
tenclass\tulip\tulip393.jpg,9
tenclass\fish\fish217.jpg,4
tenclass\person\person34.jpg,8
tenclass\flowers\flowers486.jpg,5
tenclass\flowers\flowers285.jpg,5
tenclass\tulip\tulip419.jpg,9
tenclass\cat\cat_0293.jpg,2
tenclass\motor\motorbike_0597.jpg,7
tenclass\tulip\tulip338.jpg,9
tenclass\fish\fish136.jpg,4
tenclass\fruit\fruit_0337.jpg,6
tenclass\car\1215.jpg,1
tenclass\car\1248.jpg,1
tenclass\cat\cat_0123.jpg,2
tenclass\tulip\tulip345.jpg,9
tenclass\airplane\170.jpg,0
tenclass\motor\motorbike_0504.jpg,7
tenclass\flowers\flowers194.jpg,5
tenclass\tulip\tulip237.jpg,9
tenclass\dog\dog_0519.jpg,3
tenclass\flowers\flowers13.jpg,5
tenclass\fruit\fruit_0532.jpg,6
tenclass\car\767.jpg,1
tenclass\airplane\365.jpg,0
tenclass\tulip\tulip433.jpg,9
tenclass\dog\dog_0046.jpg,3
tenclass\dog\dog_0466.jpg,3
tenclass\motor\motorbike_0054.jpg,7
tenclass\airplane\103.jpg,0
tenclass\dog\dog_0319.jpg,3
tenclass\airplane\524.jpg,0
tenclass\dog\dog_0312.jpg,3
tenclass\cat\cat_0114.jpg,2
tenclass\fruit\fruit_0026.jpg,6
tenclass\dog\dog_0433.jpg,3
tenclass\dog\dog_0288.jpg,3
tenclass\tulip\tulip500.jpg,9
tenclass\motor\motorbike_0508.jpg,7
tenclass\flowers\flowers557.jpg,5
tenclass\airplane\401.jpg,0
tenclass\cat\cat_0526.jpg,2
tenclass\person\person341.jpg,8
tenclass\flowers\flowers41.jpg,5
tenclass\tulip\tulip268.jpg,9
tenclass\flowers\flowers311.jpg,5
tenclass\cat\cat_0426.jpg,2
tenclass\cat\cat_0058.jpg,2
tenclass\airplane\117.jpg,0
tenclass\airplane\13.jpg,0
tenclass\person\person31.jpg,8
tenclass\flowers\flowers415.jpg,5
tenclass\fish\fish568.jpg,4
tenclass\flowers\flowers85.jpg,5
tenclass\airplane\14.jpg,0
tenclass\person\person123.jpg,8
tenclass\tulip\tulip436.jpg,9
tenclass\airplane\150.jpg,0
tenclass\cat\cat_0245.jpg,2
tenclass\fruit\fruit_0273.jpg,6
tenclass\cat\cat_0457.jpg,2
tenclass\person\person110.jpg,8
tenclass\flowers\flowers390.jpg,5
tenclass\fruit\fruit_0575.jpg,6
tenclass\fruit\fruit_0162.jpg,6
tenclass\fish\fish113.jpg,4
tenclass\fish\fish405.jpg,4
tenclass\airplane\538.jpg,0
tenclass\cat\cat_0513.jpg,2
tenclass\fruit\fruit_0270.jpg,6
tenclass\dog\dog_0025.jpg,3
tenclass\airplane\125.jpg,0
tenclass\cat\cat_0014.jpg,2
tenclass\airplane\472.jpg,0
tenclass\tulip\tulip543.jpg,9
tenclass\tulip\tulip414.jpg,9
tenclass\dog\dog_0360.jpg,3
tenclass\motor\motorbike_0520.jpg,7
tenclass\flowers\flowers257.jpg,5
tenclass\airplane\585.jpg,0
tenclass\car\866.jpg,1
tenclass\dog\dog_0495.jpg,3
tenclass\fish\fish592.jpg,4
tenclass\cat\cat_0178.jpg,2
tenclass\fruit\fruit_0544.jpg,6
tenclass\flowers\flowers29.jpg,5
tenclass\airplane\590.jpg,0
tenclass\car\1243.jpg,1
tenclass\cat\cat_0498.jpg,2
tenclass\airplane\37.jpg,0
tenclass\cat\cat_0138.jpg,2
tenclass\dog\dog_0027.jpg,3
tenclass\tulip\tulip89.jpg,9
tenclass\cat\cat_0276.jpg,2
tenclass\fruit\fruit_0141.jpg,6
tenclass\airplane\57.jpg,0
tenclass\car\745.jpg,1
tenclass\motor\motorbike_0568.jpg,7
tenclass\motor\motorbike_0299.jpg,7
tenclass\fish\fish520.jpg,4
tenclass\person\person168.jpg,8
tenclass\tulip\tulip547.jpg,9
tenclass\fish\fish333.jpg,4
tenclass\fruit\fruit_0531.jpg,6
tenclass\car\856.jpg,1
tenclass\person\person190.jpg,8
tenclass\tulip\tulip34.jpg,9
tenclass\fruit\fruit_0171.jpg,6
tenclass\fruit\fruit_0469.jpg,6
tenclass\cat\cat_0442.jpg,2
tenclass\fruit\fruit_0304.jpg,6
tenclass\motor\motorbike_0217.jpg,7
tenclass\fruit\fruit_0009.jpg,6
tenclass\airplane\174.jpg,0
tenclass\fruit\fruit_0319.jpg,6
tenclass\fish\fish98.jpg,4
tenclass\motor\motorbike_0526.jpg,7
tenclass\car\776.jpg,1
tenclass\cat\cat_0373.jpg,2
tenclass\motor\motorbike_0525.jpg,7
tenclass\motor\motorbike_0259.jpg,7
tenclass\flowers\flowers67.jpg,5
tenclass\cat\cat_0119.jpg,2
tenclass\person\person202.jpg,8
tenclass\tulip\tulip552.jpg,9
tenclass\airplane\188.jpg,0
tenclass\flowers\flowers261.jpg,5
tenclass\person\person299.jpg,8
tenclass\fish\fish456.jpg,4
tenclass\person\person390.jpg,8
tenclass\cat\cat_0270.jpg,2
tenclass\airplane\490.jpg,0
tenclass\tulip\tulip370.jpg,9
tenclass\fruit\fruit_0475.jpg,6
tenclass\motor\motorbike_0447.jpg,7
tenclass\airplane\593.jpg,0
tenclass\motor\motorbike_0420.jpg,7
tenclass\motor\motorbike_0356.jpg,7
tenclass\fish\fish290.jpg,4
tenclass\fish\fish577.jpg,4
tenclass\airplane\77.jpg,0
tenclass\flowers\flowers77.jpg,5
tenclass\cat\cat_0298.jpg,2
tenclass\tulip\tulip16.jpg,9
tenclass\dog\dog_0004.jpg,3
tenclass\dog\dog_0274.jpg,3
tenclass\person\person51.jpg,8
tenclass\fish\fish529.jpg,4
tenclass\tulip\tulip305.jpg,9
tenclass\tulip\tulip215.jpg,9
tenclass\person\person181.jpg,8
tenclass\person\person32.jpg,8
tenclass\motor\motorbike_0407.jpg,7
tenclass\fish\fish173.jpg,4
tenclass\motor\motorbike_0020.jpg,7
tenclass\cat\cat_0088.jpg,2
tenclass\tulip\tulip516.jpg,9
tenclass\airplane\389.jpg,0
tenclass\flowers\flowers281.jpg,5
tenclass\dog\dog_0590.jpg,3
tenclass\motor\motorbike_0322.jpg,7
tenclass\fish\fish156.jpg,4
tenclass\airplane\422.jpg,0
tenclass\airplane\272.jpg,0
tenclass\motor\motorbike_0386.jpg,7
tenclass\car\1150.jpg,1
tenclass\fruit\fruit_0120.jpg,6
tenclass\airplane\594.jpg,0
tenclass\airplane\551.jpg,0
tenclass\car\1060.jpg,1
tenclass\person\person161.jpg,8
tenclass\airplane\532.jpg,0
tenclass\motor\motorbike_0094.jpg,7
tenclass\flowers\flowers78.jpg,5
tenclass\person\person415.jpg,8
tenclass\tulip\tulip577.jpg,9
tenclass\cat\cat_0459.jpg,2
tenclass\flowers\flowers10.jpg,5
tenclass\tulip\tulip470.jpg,9
tenclass\cat\cat_0476.jpg,2
tenclass\cat\cat_0592.jpg,2
tenclass\fish\fish202.jpg,4
tenclass\tulip\tulip504.jpg,9
tenclass\dog\dog_0132.jpg,3
tenclass\person\person101.jpg,8
tenclass\tulip\tulip418.jpg,9
tenclass\car\1049.jpg,1
tenclass\flowers\flowers11.jpg,5
tenclass\fish\fish540.jpg,4
tenclass\car\952.jpg,1
tenclass\tulip\tulip598.jpg,9
tenclass\motor\motorbike_0363.jpg,7
tenclass\fruit\fruit_0343.jpg,6
tenclass\fish\fish524.jpg,4
tenclass\tulip\tulip151.jpg,9
tenclass\person\person174.jpg,8
tenclass\fish\fish451.jpg,4
tenclass\car\1116.jpg,1
tenclass\cat\cat_0155.jpg,2
tenclass\dog\dog_0159.jpg,3
tenclass\fish\fish104.jpg,4
tenclass\cat\cat_0557.jpg,2
tenclass\cat\cat_0577.jpg,2
tenclass\fruit\fruit_0163.jpg,6
tenclass\flowers\flowers522.jpg,5
tenclass\dog\dog_0120.jpg,3
tenclass\car\1068.jpg,1
tenclass\person\person57.jpg,8
tenclass\person\person250.jpg,8
tenclass\fruit\fruit_0213.jpg,6
tenclass\motor\motorbike_0038.jpg,7
tenclass\fish\fish20.jpg,4
tenclass\motor\motorbike_0361.jpg,7
tenclass\person\person353.jpg,8
tenclass\cat\cat_0567.jpg,2
tenclass\car\907.jpg,1
tenclass\flowers\flowers250.jpg,5
tenclass\dog\dog_0390.jpg,3
tenclass\tulip\tulip357.jpg,9
tenclass\cat\cat_0362.jpg,2
tenclass\fish\fish147.jpg,4
tenclass\cat\cat_0279.jpg,2
tenclass\fruit\fruit_0435.jpg,6
tenclass\person\person436.jpg,8
tenclass\tulip\tulip219.jpg,9
tenclass\fruit\fruit_0188.jpg,6
tenclass\fish\fish288.jpg,4
tenclass\person\person10.jpg,8
tenclass\person\person304.jpg,8
tenclass\cat\cat_0257.jpg,2
tenclass\tulip\tulip266.jpg,9
tenclass\airplane\568.jpg,0
tenclass\fruit\fruit_0396.jpg,6
tenclass\person\person296.jpg,8
tenclass\motor\motorbike_0264.jpg,7
tenclass\car\829.jpg,1
tenclass\dog\dog_0040.jpg,3
tenclass\tulip\tulip205.jpg,9
tenclass\fruit\fruit_0129.jpg,6
tenclass\tulip\tulip213.jpg,9
tenclass\dog\dog_0294.jpg,3
tenclass\airplane\216.jpg,0
tenclass\airplane\74.jpg,0
tenclass\airplane\25.jpg,0
tenclass\fish\fish29.jpg,4
tenclass\fruit\fruit_0394.jpg,6
tenclass\person\person186.jpg,8
tenclass\tulip\tulip47.jpg,9
tenclass\dog\dog_0258.jpg,3
tenclass\flowers\flowers306.jpg,5
tenclass\flowers\flowers426.jpg,5
tenclass\motor\motorbike_0509.jpg,7
tenclass\airplane\89.jpg,0
tenclass\dog\dog_0296.jpg,3
tenclass\cat\cat_0404.jpg,2
tenclass\dog\dog_0559.jpg,3
tenclass\fruit\fruit_0094.jpg,6
tenclass\flowers\flowers328.jpg,5
tenclass\flowers\flowers222.jpg,5
tenclass\motor\motorbike_0238.jpg,7
tenclass\airplane\48.jpg,0
tenclass\dog\dog_0190.jpg,3
tenclass\tulip\tulip550.jpg,9
tenclass\fruit\fruit_0296.jpg,6
tenclass\motor\motorbike_0446.jpg,7
tenclass\dog\dog_0211.jpg,3
tenclass\dog\dog_0545.jpg,3
tenclass\flowers\flowers123.jpg,5
tenclass\fish\fish114.jpg,4
tenclass\fish\fish205.jpg,4
tenclass\person\person191.jpg,8
tenclass\dog\dog_0070.jpg,3
tenclass\fish\fish522.jpg,4
tenclass\motor\motorbike_0293.jpg,7
tenclass\tulip\tulip198.jpg,9
tenclass\tulip\tulip214.jpg,9
tenclass\motor\motorbike_0019.jpg,7
tenclass\fish\fish281.jpg,4
tenclass\airplane\68.jpg,0
tenclass\fruit\fruit_0562.jpg,6
tenclass\person\person44.jpg,8
tenclass\airplane\97.jpg,0
tenclass\car\1210.jpg,1
tenclass\person\person5.jpg,8
tenclass\person\person14.jpg,8
tenclass\person\person392.jpg,8
tenclass\airplane\80.jpg,0
tenclass\person\person90.jpg,8
tenclass\airplane\481.jpg,0
tenclass\fish\fish470.jpg,4
tenclass\car\859.jpg,1
tenclass\dog\dog_0440.jpg,3
tenclass\dog\dog_0470.jpg,3
tenclass\person\person176.jpg,8
tenclass\tulip\tulip528.jpg,9
tenclass\flowers\flowers172.jpg,5
tenclass\fruit\fruit_0534.jpg,6
tenclass\motor\motorbike_0578.jpg,7
tenclass\fish\fish27.jpg,4
tenclass\car\1206.jpg,1
tenclass\fruit\fruit_0145.jpg,6
tenclass\tulip\tulip463.jpg,9
tenclass\motor\motorbike_0253.jpg,7
tenclass\motor\motorbike_0274.jpg,7
tenclass\flowers\flowers89.jpg,5
tenclass\person\person598.jpg,8
tenclass\flowers\flowers273.jpg,5
tenclass\dog\dog_0486.jpg,3
tenclass\car\876.jpg,1
tenclass\person\person167.jpg,8
tenclass\car\893.jpg,1
tenclass\airplane\350.jpg,0
tenclass\car\812.jpg,1
tenclass\tulip\tulip467.jpg,9
tenclass\tulip\tulip109.jpg,9
tenclass\dog\dog_0235.jpg,3
tenclass\person\person437.jpg,8
tenclass\car\1113.jpg,1
tenclass\fish\fish194.jpg,4
tenclass\dog\dog_0298.jpg,3
tenclass\flowers\flowers316.jpg,5
tenclass\person\person49.jpg,8
tenclass\airplane\457.jpg,0
tenclass\fruit\fruit_0494.jpg,6
tenclass\dog\dog_0548.jpg,3
tenclass\cat\cat_0263.jpg,2
tenclass\car\993.jpg,1
tenclass\airplane\419.jpg,0
tenclass\dog\dog_0309.jpg,3
tenclass\car\1268.jpg,1
tenclass\cat\cat_0370.jpg,2
tenclass\car\983.jpg,1
tenclass\car\1320.jpg,1
tenclass\fish\fish83.jpg,4
tenclass\car\1057.jpg,1
tenclass\motor\motorbike_0297.jpg,7
tenclass\dog\dog_0374.jpg,3
tenclass\cat\cat_0402.jpg,2
tenclass\dog\dog_0100.jpg,3
tenclass\tulip\tulip102.jpg,9
tenclass\motor\motorbike_0043.jpg,7
tenclass\car\1097.jpg,1
tenclass\person\person82.jpg,8
tenclass\fruit\fruit_0217.jpg,6
tenclass\airplane\534.jpg,0
tenclass\car\1123.jpg,1
tenclass\fruit\fruit_0438.jpg,6
tenclass\fish\fish19.jpg,4
tenclass\tulip\tulip289.jpg,9
tenclass\motor\motorbike_0058.jpg,7
tenclass\airplane\326.jpg,0
tenclass\airplane\289.jpg,0
tenclass\tulip\tulip495.jpg,9
tenclass\airplane\345.jpg,0
tenclass\tulip\tulip193.jpg,9
tenclass\tulip\tulip295.jpg,9
tenclass\motor\motorbike_0378.jpg,7
tenclass\cat\cat_0435.jpg,2
tenclass\fish\fish166.jpg,4
tenclass\dog\dog_0526.jpg,3
tenclass\tulip\tulip262.jpg,9
tenclass\flowers\flowers182.jpg,5
tenclass\tulip\tulip155.jpg,9
tenclass\cat\cat_0273.jpg,2
tenclass\airplane\507.jpg,0
tenclass\fish\fish129.jpg,4
tenclass\person\person404.jpg,8
tenclass\airplane\73.jpg,0
tenclass\tulip\tulip133.jpg,9
tenclass\flowers\flowers14.jpg,5
tenclass\tulip\tulip303.jpg,9
tenclass\person\person396.jpg,8
tenclass\cat\cat_0477.jpg,2
tenclass\fish\fish397.jpg,4
tenclass\fruit\fruit_0520.jpg,6
tenclass\dog\dog_0310.jpg,3
tenclass\person\person255.jpg,8
tenclass\fruit\fruit_0348.jpg,6
tenclass\motor\motorbike_0000.jpg,7
tenclass\flowers\flowers71.jpg,5
tenclass\tulip\tulip481.jpg,9
tenclass\car\1283.jpg,1
tenclass\fish\fish376.jpg,4
tenclass\airplane\246.jpg,0
tenclass\fish\fish122.jpg,4
tenclass\airplane\537.jpg,0
tenclass\tulip\tulip468.jpg,9
tenclass\cat\cat_0418.jpg,2
tenclass\tulip\tulip292.jpg,9
tenclass\airplane\308.jpg,0
tenclass\flowers\flowers494.jpg,5
tenclass\airplane\473.jpg,0
tenclass\fruit\fruit_0158.jpg,6
tenclass\fish\fish162.jpg,4
tenclass\cat\cat_0208.jpg,2
tenclass\flowers\flowers372.jpg,5
tenclass\fruit\fruit_0011.jpg,6
tenclass\airplane\301.jpg,0
tenclass\car\749.jpg,1
tenclass\fruit\fruit_0107.jpg,6
tenclass\motor\motorbike_0422.jpg,7
tenclass\car\1184.jpg,1
tenclass\person\person505.jpg,8
tenclass\tulip\tulip150.jpg,9
tenclass\person\person416.jpg,8
tenclass\fruit\fruit_0185.jpg,6
tenclass\airplane\343.jpg,0
tenclass\flowers\flowers534.jpg,5
tenclass\person\person144.jpg,8
tenclass\fruit\fruit_0247.jpg,6
tenclass\fish\fish448.jpg,4
tenclass\fruit\fruit_0328.jpg,6
tenclass\car\1326.jpg,1
tenclass\cat\cat_0057.jpg,2
tenclass\fruit\fruit_0276.jpg,6
tenclass\motor\motorbike_0067.jpg,7
tenclass\dog\dog_0207.jpg,3
tenclass\tulip\tulip124.jpg,9
tenclass\car\1036.jpg,1
tenclass\person\person278.jpg,8
tenclass\airplane\358.jpg,0
tenclass\cat\cat_0182.jpg,2
tenclass\airplane\332.jpg,0
tenclass\airplane\85.jpg,0
tenclass\cat\cat_0151.jpg,2
tenclass\fish\fish134.jpg,4
tenclass\airplane\91.jpg,0
tenclass\cat\cat_0308.jpg,2
tenclass\motor\motorbike_0502.jpg,7
tenclass\motor\motorbike_0359.jpg,7
tenclass\dog\dog_0032.jpg,3
tenclass\cat\cat_0309.jpg,2
tenclass\car\889.jpg,1
tenclass\airplane\405.jpg,0
tenclass\cat\cat_0248.jpg,2
tenclass\fish\fish181.jpg,4
tenclass\motor\motorbike_0558.jpg,7
tenclass\flowers\flowers505.jpg,5
tenclass\fruit\fruit_0194.jpg,6
tenclass\tulip\tulip354.jpg,9
tenclass\person\person261.jpg,8
tenclass\person\person374.jpg,8
tenclass\flowers\flowers224.jpg,5
tenclass\car\1164.jpg,1
tenclass\car\906.jpg,1
tenclass\dog\dog_0438.jpg,3
tenclass\airplane\467.jpg,0
tenclass\airplane\386.jpg,0
tenclass\motor\motorbike_0586.jpg,7
tenclass\fish\fish539.jpg,4
tenclass\motor\motorbike_0335.jpg,7
tenclass\fruit\fruit_0378.jpg,6
tenclass\motor\motorbike_0566.jpg,7
tenclass\flowers\flowers276.jpg,5
tenclass\fish\fish233.jpg,4
tenclass\fruit\fruit_0503.jpg,6
tenclass\airplane\144.jpg,0
tenclass\car\1272.jpg,1
tenclass\car\1269.jpg,1
tenclass\dog\dog_0255.jpg,3
tenclass\dog\dog_0401.jpg,3
tenclass\dog\dog_0079.jpg,3
tenclass\fruit\fruit_0347.jpg,6
tenclass\fruit\fruit_0180.jpg,6
tenclass\motor\motorbike_0160.jpg,7
tenclass\fruit\fruit_0566.jpg,6
tenclass\airplane\51.jpg,0
tenclass\flowers\flowers421.jpg,5
tenclass\airplane\565.jpg,0
tenclass\tulip\tulip293.jpg,9
tenclass\dog\dog_0011.jpg,3
tenclass\tulip\tulip381.jpg,9
tenclass\car\1061.jpg,1
tenclass\car\766.jpg,1
tenclass\car\769.jpg,1
tenclass\fruit\fruit_0313.jpg,6
tenclass\dog\dog_0388.jpg,3
tenclass\cat\cat_0028.jpg,2
tenclass\cat\cat_0105.jpg,2
tenclass\flowers\flowers446.jpg,5
tenclass\person\person136.jpg,8
tenclass\tulip\tulip111.jpg,9
tenclass\tulip\tulip162.jpg,9
tenclass\tulip\tulip218.jpg,9
tenclass\cat\cat_0177.jpg,2
tenclass\airplane\210.jpg,0
tenclass\motor\motorbike_0132.jpg,7
tenclass\car\832.jpg,1
tenclass\fish\fish350.jpg,4
tenclass\cat\cat_0019.jpg,2
tenclass\airplane\132.jpg,0
tenclass\car\733.jpg,1
tenclass\fish\fish457.jpg,4
tenclass\fish\fish226.jpg,4
tenclass\cat\cat_0132.jpg,2
tenclass\flowers\flowers420.jpg,5
tenclass\fish\fish596.jpg,4
tenclass\person\person158.jpg,8
tenclass\fish\fish234.jpg,4
tenclass\fruit\fruit_0101.jpg,6
tenclass\person\person29.jpg,8
tenclass\flowers\flowers92.jpg,5
tenclass\tulip\tulip415.jpg,9
tenclass\fruit\fruit_0012.jpg,6
tenclass\flowers\flowers549.jpg,5
tenclass\motor\motorbike_0048.jpg,7
tenclass\fish\fish586.jpg,4
tenclass\airplane\438.jpg,0
tenclass\dog\dog_0421.jpg,3
tenclass\fish\fish101.jpg,4
tenclass\motor\motorbike_0001.jpg,7
tenclass\person\person169.jpg,8
tenclass\cat\cat_0184.jpg,2
tenclass\flowers\flowers8.jpg,5
tenclass\motor\motorbike_0539.jpg,7
tenclass\dog\dog_0010.jpg,3
tenclass\tulip\tulip388.jpg,9
tenclass\motor\motorbike_0382.jpg,7
tenclass\cat\cat_0461.jpg,2
tenclass\fruit\fruit_0597.jpg,6
tenclass\airplane\349.jpg,0
tenclass\airplane\515.jpg,0
tenclass\fruit\fruit_0308.jpg,6
tenclass\motor\motorbike_0328.jpg,7
tenclass\flowers\flowers110.jpg,5
tenclass\person\person482.jpg,8
tenclass\dog\dog_0382.jpg,3
tenclass\flowers\flowers142.jpg,5
tenclass\dog\dog_0156.jpg,3
tenclass\motor\motorbike_0306.jpg,7
tenclass\dog\dog_0571.jpg,3
tenclass\motor\motorbike_0498.jpg,7
tenclass\fruit\fruit_0189.jpg,6
tenclass\flowers\flowers94.jpg,5
tenclass\dog\dog_0463.jpg,3
tenclass\fruit\fruit_0277.jpg,6
tenclass\cat\cat_0380.jpg,2
tenclass\tulip\tulip285.jpg,9
tenclass\cat\cat_0073.jpg,2
tenclass\dog\dog_0286.jpg,3
tenclass\flowers\flowers269.jpg,5
tenclass\airplane\311.jpg,0
tenclass\dog\dog_0086.jpg,3
tenclass\dog\dog_0052.jpg,3
tenclass\cat\cat_0317.jpg,2
tenclass\airplane\240.jpg,0
tenclass\motor\motorbike_0175.jpg,7
tenclass\motor\motorbike_0126.jpg,7
tenclass\fruit\fruit_0264.jpg,6
tenclass\airplane\214.jpg,0
tenclass\dog\dog_0105.jpg,3
tenclass\dog\dog_0094.jpg,3
tenclass\car\1307.jpg,1
tenclass\car\850.jpg,1
tenclass\fish\fish343.jpg,4
tenclass\airplane\294.jpg,0
tenclass\person\person405.jpg,8
tenclass\person\person384.jpg,8
tenclass\person\person163.jpg,8
tenclass\airplane\381.jpg,0
tenclass\car\1194.jpg,1
tenclass\fish\fish357.jpg,4
tenclass\person\person9.jpg,8
tenclass\airplane\384.jpg,0
tenclass\fruit\fruit_0302.jpg,6
tenclass\car\747.jpg,1
tenclass\fruit\fruit_0388.jpg,6
tenclass\fish\fish143.jpg,4
tenclass\dog\dog_0145.jpg,3
tenclass\tulip\tulip521.jpg,9
tenclass\dog\dog_0007.jpg,3
tenclass\fruit\fruit_0366.jpg,6
tenclass\car\764.jpg,1
tenclass\fish\fish252.jpg,4
tenclass\person\person43.jpg,8
tenclass\person\person140.jpg,8
tenclass\car\1209.jpg,1
tenclass\fruit\fruit_0251.jpg,6
tenclass\tulip\tulip367.jpg,9
tenclass\motor\motorbike_0262.jpg,7
tenclass\tulip\tulip280.jpg,9
tenclass\fruit\fruit_0080.jpg,6
tenclass\fruit\fruit_0210.jpg,6
tenclass\fish\fish174.jpg,4
tenclass\fish\fish266.jpg,4
tenclass\person\person195.jpg,8
tenclass\fruit\fruit_0024.jpg,6
tenclass\person\person288.jpg,8
tenclass\flowers\flowers321.jpg,5
tenclass\motor\motorbike_0153.jpg,7
tenclass\fruit\fruit_0483.jpg,6
tenclass\dog\dog_0098.jpg,3
tenclass\dog\dog_0278.jpg,3
tenclass\cat\cat_0167.jpg,2
tenclass\cat\cat_0034.jpg,2
tenclass\tulip\tulip314.jpg,9
tenclass\fish\fish49.jpg,4
tenclass\tulip\tulip71.jpg,9
tenclass\fish\fish367.jpg,4
tenclass\car\872.jpg,1
tenclass\fish\fish455.jpg,4
tenclass\tulip\tulip423.jpg,9
tenclass\tulip\tulip299.jpg,9
tenclass\cat\cat_0396.jpg,2
tenclass\fruit\fruit_0431.jpg,6
tenclass\flowers\flowers563.jpg,5
tenclass\fish\fish212.jpg,4
tenclass\person\person428.jpg,8
tenclass\motor\motorbike_0557.jpg,7
tenclass\tulip\tulip486.jpg,9
tenclass\dog\dog_0038.jpg,3
tenclass\airplane\486.jpg,0
tenclass\cat\cat_0072.jpg,2
tenclass\airplane\187.jpg,0
tenclass\airplane\296.jpg,0
tenclass\fruit\fruit_0114.jpg,6
tenclass\car\1157.jpg,1
tenclass\fish\fish18.jpg,4
tenclass\cat\cat_0166.jpg,2
tenclass\airplane\232.jpg,0
tenclass\tulip\tulip188.jpg,9
tenclass\cat\cat_0244.jpg,2
tenclass\car\1254.jpg,1
tenclass\fish\fish514.jpg,4
tenclass\person\person113.jpg,8
tenclass\car\1319.jpg,1
tenclass\flowers\flowers428.jpg,5
tenclass\person\person484.jpg,8
tenclass\fish\fish440.jpg,4
tenclass\flowers\flowers223.jpg,5
tenclass\cat\cat_0441.jpg,2
tenclass\cat\cat_0417.jpg,2
tenclass\fruit\fruit_0020.jpg,6
tenclass\fish\fish538.jpg,4
tenclass\car\968.jpg,1
tenclass\fish\fish11.jpg,4
tenclass\cat\cat_0280.jpg,2
tenclass\cat\cat_0285.jpg,2
tenclass\dog\dog_0315.jpg,3
tenclass\cat\cat_0187.jpg,2
tenclass\tulip\tulip269.jpg,9
tenclass\fish\fish323.jpg,4
tenclass\motor\motorbike_0248.jpg,7
tenclass\dog\dog_0206.jpg,3
tenclass\dog\dog_0451.jpg,3
tenclass\cat\cat_0015.jpg,2
tenclass\dog\dog_0080.jpg,3
tenclass\tulip\tulip302.jpg,9
tenclass\car\1211.jpg,1
tenclass\cat\cat_0125.jpg,2
tenclass\tulip\tulip560.jpg,9
tenclass\dog\dog_0576.jpg,3
tenclass\motor\motorbike_0111.jpg,7
tenclass\person\person81.jpg,8
tenclass\airplane\127.jpg,0
tenclass\fish\fish436.jpg,4
tenclass\airplane\483.jpg,0
tenclass\cat\cat_0070.jpg,2
tenclass\dog\dog_0338.jpg,3
tenclass\flowers\flowers20.jpg,5
tenclass\motor\motorbike_0457.jpg,7
tenclass\person\person363.jpg,8
tenclass\dog\dog_0045.jpg,3
tenclass\car\1234.jpg,1
tenclass\dog\dog_0230.jpg,3
tenclass\motor\motorbike_0107.jpg,7
tenclass\dog\dog_0328.jpg,3
tenclass\motor\motorbike_0189.jpg,7
tenclass\fruit\fruit_0050.jpg,6
tenclass\motor\motorbike_0592.jpg,7
tenclass\fruit\fruit_0516.jpg,6
tenclass\motor\motorbike_0573.jpg,7
tenclass\airplane\72.jpg,0
tenclass\motor\motorbike_0129.jpg,7
tenclass\airplane\559.jpg,0
tenclass\tulip\tulip65.jpg,9
tenclass\person\person67.jpg,8
tenclass\tulip\tulip22.jpg,9
tenclass\fish\fish13.jpg,4
tenclass\person\person491.jpg,8
tenclass\person\person171.jpg,8
tenclass\motor\motorbike_0360.jpg,7
tenclass\airplane\64.jpg,0
tenclass\fruit\fruit_0321.jpg,6
tenclass\airplane\412.jpg,0
tenclass\motor\motorbike_0326.jpg,7
tenclass\person\person542.jpg,8
tenclass\flowers\flowers151.jpg,5
tenclass\motor\motorbike_0355.jpg,7
tenclass\motor\motorbike_0511.jpg,7
tenclass\fruit\fruit_0088.jpg,6
tenclass\tulip\tulip145.jpg,9
tenclass\tulip\tulip7.jpg,9
tenclass\fish\fish378.jpg,4
tenclass\motor\motorbike_0241.jpg,7
tenclass\tulip\tulip4.jpg,9
tenclass\cat\cat_0266.jpg,2
tenclass\tulip\tulip8.jpg,9
tenclass\motor\motorbike_0277.jpg,7
tenclass\motor\motorbike_0538.jpg,7
tenclass\motor\motorbike_0117.jpg,7
tenclass\car\1109.jpg,1
tenclass\flowers\flowers1.jpg,5
tenclass\tulip\tulip454.jpg,9
tenclass\tulip\tulip335.jpg,9
tenclass\airplane\141.jpg,0
tenclass\dog\dog_0248.jpg,3
tenclass\dog\dog_0221.jpg,3
tenclass\dog\dog_0465.jpg,3
tenclass\fish\fish355.jpg,4
tenclass\dog\dog_0375.jpg,3
tenclass\car\1006.jpg,1
tenclass\motor\motorbike_0541.jpg,7
tenclass\tulip\tulip77.jpg,9
tenclass\cat\cat_0241.jpg,2
tenclass\motor\motorbike_0250.jpg,7
tenclass\flowers\flowers75.jpg,5
tenclass\person\person294.jpg,8
tenclass\airplane\5.jpg,0
tenclass\flowers\flowers116.jpg,5
tenclass\fruit\fruit_0368.jpg,6
tenclass\fish\fish466.jpg,4
tenclass\tulip\tulip128.jpg,9
tenclass\tulip\tulip518.jpg,9
tenclass\dog\dog_0223.jpg,3
tenclass\cat\cat_0318.jpg,2
tenclass\car\760.jpg,1
tenclass\car\828.jpg,1
tenclass\motor\motorbike_0106.jpg,7
tenclass\fruit\fruit_0332.jpg,6
tenclass\fruit\fruit_0385.jpg,6
tenclass\airplane\408.jpg,0
tenclass\car\1275.jpg,1
tenclass\airplane\433.jpg,0
tenclass\flowers\flowers24.jpg,5
tenclass\flowers\flowers547.jpg,5
tenclass\dog\dog_0204.jpg,3
tenclass\fruit\fruit_0367.jpg,6
tenclass\cat\cat_0136.jpg,2
tenclass\fish\fish344.jpg,4
tenclass\car\1316.jpg,1
tenclass\cat\cat_0023.jpg,2
tenclass\flowers\flowers286.jpg,5
tenclass\tulip\tulip341.jpg,9
tenclass\car\1081.jpg,1
tenclass\car\1240.jpg,1
tenclass\fish\fish327.jpg,4
tenclass\fruit\fruit_0299.jpg,6
tenclass\cat\cat_0448.jpg,2
tenclass\fruit\fruit_0069.jpg,6
tenclass\fish\fish351.jpg,4
tenclass\tulip\tulip69.jpg,9
tenclass\motor\motorbike_0223.jpg,7
tenclass\fruit\fruit_0048.jpg,6
tenclass\car\997.jpg,1
tenclass\fish\fish133.jpg,4
tenclass\tulip\tulip589.jpg,9
tenclass\fish\fish91.jpg,4
tenclass\tulip\tulip456.jpg,9
tenclass\cat\cat_0306.jpg,2
tenclass\tulip\tulip242.jpg,9
tenclass\car\1103.jpg,1
tenclass\motor\motorbike_0459.jpg,7
tenclass\fish\fish47.jpg,4
tenclass\person\person11.jpg,8
tenclass\fruit\fruit_0325.jpg,6
tenclass\flowers\flowers433.jpg,5
tenclass\dog\dog_0245.jpg,3
tenclass\fruit\fruit_0109.jpg,6
tenclass\cat\cat_0062.jpg,2
tenclass\dog\dog_0498.jpg,3
tenclass\car\901.jpg,1
tenclass\tulip\tulip368.jpg,9
tenclass\airplane\151.jpg,0
tenclass\airplane\26.jpg,0
tenclass\tulip\tulip446.jpg,9
tenclass\motor\motorbike_0345.jpg,7
tenclass\person\person403.jpg,8
tenclass\fish\fish106.jpg,4
tenclass\car\1105.jpg,1
tenclass\fish\fish545.jpg,4
tenclass\car\1325.jpg,1
tenclass\flowers\flowers353.jpg,5
tenclass\dog\dog_0546.jpg,3
tenclass\car\1134.jpg,1
tenclass\car\1245.jpg,1
tenclass\person\person8.jpg,8
tenclass\airplane\142.jpg,0
tenclass\motor\motorbike_0514.jpg,7
tenclass\car\884.jpg,1
tenclass\flowers\flowers242.jpg,5
tenclass\flowers\flowers188.jpg,5
tenclass\person\person572.jpg,8
tenclass\cat\cat_0049.jpg,2
tenclass\cat\cat_0447.jpg,2
tenclass\motor\motorbike_0214.jpg,7
tenclass\flowers\flowers211.jpg,5
tenclass\tulip\tulip264.jpg,9
tenclass\airplane\40.jpg,0
tenclass\car\1276.jpg,1
tenclass\dog\dog_0169.jpg,3
tenclass\motor\motorbike_0212.jpg,7
tenclass\airplane\304.jpg,0
tenclass\airplane\205.jpg,0
tenclass\fruit\fruit_0176.jpg,6
tenclass\flowers\flowers266.jpg,5
tenclass\flowers\flowers236.jpg,5
tenclass\fruit\fruit_0073.jpg,6
tenclass\fruit\fruit_0258.jpg,6
tenclass\airplane\574.jpg,0
tenclass\car\1309.jpg,1
tenclass\cat\cat_0030.jpg,2
tenclass\tulip\tulip108.jpg,9
tenclass\flowers\flowers66.jpg,5
tenclass\airplane\372.jpg,0
tenclass\dog\dog_0335.jpg,3
tenclass\airplane\0.jpg,0
tenclass\dog\dog_0496.jpg,3
tenclass\dog\dog_0400.jpg,3
tenclass\fish\fish57.jpg,4
tenclass\person\person15.jpg,8
tenclass\fruit\fruit_0353.jpg,6
tenclass\motor\motorbike_0417.jpg,7
tenclass\motor\motorbike_0409.jpg,7
tenclass\car\1196.jpg,1
tenclass\airplane\579.jpg,0
tenclass\car\1291.jpg,1
tenclass\cat\cat_0158.jpg,2
tenclass\fish\fish318.jpg,4
tenclass\car\765.jpg,1
tenclass\person\person84.jpg,8
tenclass\cat\cat_0175.jpg,2
tenclass\tulip\tulip234.jpg,9
tenclass\fish\fish543.jpg,4
tenclass\tulip\tulip75.jpg,9
tenclass\person\person348.jpg,8
tenclass\flowers\flowers550.jpg,5
tenclass\flowers\flowers357.jpg,5
tenclass\flowers\flowers280.jpg,5
tenclass\cat\cat_0193.jpg,2
tenclass\flowers\flowers204.jpg,5
tenclass\tulip\tulip243.jpg,9
tenclass\cat\cat_0331.jpg,2
tenclass\car\955.jpg,1
tenclass\airplane\100.jpg,0
tenclass\fruit\fruit_0539.jpg,6
tenclass\tulip\tulip590.jpg,9
tenclass\fish\fish587.jpg,4
tenclass\flowers\flowers558.jpg,5
tenclass\dog\dog_0146.jpg,3
tenclass\dog\dog_0350.jpg,3
tenclass\cat\cat_0351.jpg,2
tenclass\fruit\fruit_0429.jpg,6
tenclass\person\person520.jpg,8
tenclass\flowers\flowers507.jpg,5
tenclass\motor\motorbike_0080.jpg,7
tenclass\cat\cat_0296.jpg,2
tenclass\cat\cat_0302.jpg,2
tenclass\car\947.jpg,1
tenclass\motor\motorbike_0068.jpg,7
tenclass\motor\motorbike_0007.jpg,7
tenclass\flowers\flowers320.jpg,5
tenclass\fish\fish42.jpg,4
tenclass\airplane\133.jpg,0
tenclass\cat\cat_0255.jpg,2
tenclass\fruit\fruit_0254.jpg,6
tenclass\fish\fish433.jpg,4
tenclass\car\994.jpg,1
tenclass\flowers\flowers555.jpg,5
tenclass\airplane\414.jpg,0
tenclass\cat\cat_0037.jpg,2
tenclass\fish\fish467.jpg,4
tenclass\flowers\flowers396.jpg,5
tenclass\tulip\tulip573.jpg,9
tenclass\car\758.jpg,1
tenclass\flowers\flowers157.jpg,5
tenclass\airplane\517.jpg,0
tenclass\fish\fish365.jpg,4
tenclass\fish\fish379.jpg,4
tenclass\cat\cat_0099.jpg,2
tenclass\fruit\fruit_0186.jpg,6
tenclass\cat\cat_0033.jpg,2
tenclass\fruit\fruit_0079.jpg,6
tenclass\person\person407.jpg,8
tenclass\person\person274.jpg,8
tenclass\cat\cat_0083.jpg,2
tenclass\tulip\tulip36.jpg,9
tenclass\person\person260.jpg,8
tenclass\motor\motorbike_0135.jpg,7
tenclass\cat\cat_0586.jpg,2
tenclass\car\1052.jpg,1
tenclass\tulip\tulip422.jpg,9
tenclass\fruit\fruit_0484.jpg,6
tenclass\airplane\424.jpg,0
tenclass\tulip\tulip475.jpg,9
tenclass\fish\fish178.jpg,4
tenclass\tulip\tulip85.jpg,9
tenclass\flowers\flowers402.jpg,5
tenclass\tulip\tulip541.jpg,9
tenclass\motor\motorbike_0534.jpg,7
tenclass\fruit\fruit_0432.jpg,6
tenclass\motor\motorbike_0313.jpg,7
tenclass\flowers\flowers381.jpg,5
tenclass\tulip\tulip0.jpg,9
tenclass\airplane\264.jpg,0
tenclass\person\person394.jpg,8
tenclass\tulip\tulip375.jpg,9
tenclass\motor\motorbike_0318.jpg,7
tenclass\motor\motorbike_0482.jpg,7
tenclass\fish\fish475.jpg,4
tenclass\motor\motorbike_0522.jpg,7
tenclass\cat\cat_0496.jpg,2
tenclass\car\836.jpg,1
tenclass\tulip\tulip327.jpg,9
tenclass\motor\motorbike_0484.jpg,7
tenclass\car\803.jpg,1
tenclass\cat\cat_0232.jpg,2
tenclass\car\1202.jpg,1
tenclass\cat\cat_0012.jpg,2
tenclass\motor\motorbike_0469.jpg,7
tenclass\tulip\tulip553.jpg,9
tenclass\fish\fish422.jpg,4
tenclass\fish\fish39.jpg,4
tenclass\tulip\tulip171.jpg,9
tenclass\fish\fish94.jpg,4
tenclass\person\person321.jpg,8
tenclass\car\1047.jpg,1
tenclass\motor\motorbike_0148.jpg,7
tenclass\motor\motorbike_0273.jpg,7
tenclass\flowers\flowers516.jpg,5
tenclass\person\person378.jpg,8
tenclass\airplane\66.jpg,0
tenclass\airplane\236.jpg,0
tenclass\motor\motorbike_0292.jpg,7
tenclass\fish\fish534.jpg,4
tenclass\fruit\fruit_0500.jpg,6
tenclass\motor\motorbike_0057.jpg,7
tenclass\airplane\314.jpg,0
tenclass\airplane\283.jpg,0
tenclass\car\740.jpg,1
tenclass\person\person441.jpg,8
tenclass\flowers\flowers271.jpg,5
tenclass\fruit\fruit_0345.jpg,6
tenclass\cat\cat_0021.jpg,2
tenclass\fruit\fruit_0443.jpg,6
tenclass\fish\fish429.jpg,4
tenclass\fish\fish46.jpg,4
tenclass\tulip\tulip449.jpg,9
tenclass\dog\dog_0053.jpg,3
tenclass\dog\dog_0570.jpg,3
tenclass\car\973.jpg,1
tenclass\person\person287.jpg,8
tenclass\motor\motorbike_0431.jpg,7
tenclass\airplane\146.jpg,0
tenclass\dog\dog_0462.jpg,3
tenclass\flowers\flowers355.jpg,5
tenclass\fish\fish416.jpg,4
tenclass\cat\cat_0310.jpg,2
tenclass\dog\dog_0030.jpg,3
tenclass\fruit\fruit_0529.jpg,6
tenclass\airplane\106.jpg,0
tenclass\fruit\fruit_0512.jpg,6
tenclass\fish\fish311.jpg,4
tenclass\motor\motorbike_0147.jpg,7
tenclass\fruit\fruit_0563.jpg,6
tenclass\fruit\fruit_0135.jpg,6
tenclass\fruit\fruit_0234.jpg,6
tenclass\motor\motorbike_0440.jpg,7
tenclass\cat\cat_0479.jpg,2
tenclass\fruit\fruit_0427.jpg,6
tenclass\airplane\18.jpg,0
tenclass\fish\fish240.jpg,4
tenclass\motor\motorbike_0005.jpg,7
tenclass\dog\dog_0537.jpg,3
tenclass\dog\dog_0117.jpg,3
tenclass\flowers\flowers19.jpg,5
tenclass\tulip\tulip531.jpg,9
tenclass\fruit\fruit_0041.jpg,6
tenclass\flowers\flowers145.jpg,5
tenclass\cat\cat_0018.jpg,2
tenclass\person\person412.jpg,8
tenclass\motor\motorbike_0415.jpg,7
tenclass\tulip\tulip230.jpg,9
tenclass\tulip\tulip271.jpg,9
tenclass\fish\fish368.jpg,4
tenclass\airplane\62.jpg,0
tenclass\person\person596.jpg,8
tenclass\dog\dog_0530.jpg,3
tenclass\tulip\tulip395.jpg,9
tenclass\tulip\tulip453.jpg,9
tenclass\fruit\fruit_0315.jpg,6
tenclass\person\person218.jpg,8
tenclass\dog\dog_0024.jpg,3
tenclass\person\person339.jpg,8
tenclass\car\977.jpg,1
tenclass\motor\motorbike_0197.jpg,7
tenclass\airplane\387.jpg,0
tenclass\dog\dog_0387.jpg,3
tenclass\airplane\330.jpg,0
tenclass\dog\dog_0502.jpg,3
tenclass\dog\dog_0572.jpg,3
tenclass\car\761.jpg,1
tenclass\motor\motorbike_0325.jpg,7
tenclass\fruit\fruit_0294.jpg,6
tenclass\flowers\flowers416.jpg,5
tenclass\fish\fish203.jpg,4
tenclass\fish\fish259.jpg,4
tenclass\flowers\flowers453.jpg,5
tenclass\fruit\fruit_0486.jpg,6
tenclass\flowers\flowers411.jpg,5
tenclass\fruit\fruit_0105.jpg,6
tenclass\motor\motorbike_0536.jpg,7
tenclass\fruit\fruit_0360.jpg,6
tenclass\airplane\233.jpg,0
tenclass\motor\motorbike_0002.jpg,7
tenclass\flowers\flowers87.jpg,5
tenclass\fish\fish176.jpg,4
tenclass\fruit\fruit_0569.jpg,6
tenclass\tulip\tulip45.jpg,9
tenclass\person\person585.jpg,8
tenclass\car\731.jpg,1
tenclass\car\1179.jpg,1
tenclass\fish\fish573.jpg,4
tenclass\person\person320.jpg,8
tenclass\fruit\fruit_0052.jpg,6
tenclass\tulip\tulip392.jpg,9
tenclass\car\815.jpg,1
tenclass\person\person6.jpg,8
tenclass\fish\fish375.jpg,4
tenclass\fruit\fruit_0227.jpg,6
tenclass\flowers\flowers167.jpg,5
tenclass\fish\fish183.jpg,4
tenclass\flowers\flowers31.jpg,5
tenclass\fruit\fruit_0130.jpg,6
tenclass\person\person515.jpg,8
tenclass\tulip\tulip522.jpg,9
tenclass\tulip\tulip187.jpg,9
tenclass\fish\fish447.jpg,4
tenclass\flowers\flowers509.jpg,5
tenclass\car\940.jpg,1
tenclass\tulip\tulip142.jpg,9
tenclass\airplane\503.jpg,0
tenclass\fish\fish546.jpg,4
tenclass\dog\dog_0482.jpg,3
tenclass\car\1249.jpg,1
tenclass\airplane\417.jpg,0
tenclass\tulip\tulip74.jpg,9
tenclass\motor\motorbike_0101.jpg,7
tenclass\person\person272.jpg,8
tenclass\fish\fish109.jpg,4
tenclass\fruit\fruit_0592.jpg,6
tenclass\dog\dog_0418.jpg,3
tenclass\car\838.jpg,1
tenclass\car\1101.jpg,1
tenclass\flowers\flowers39.jpg,5
tenclass\dog\dog_0596.jpg,3
tenclass\motor\motorbike_0070.jpg,7
tenclass\dog\dog_0163.jpg,3
tenclass\fruit\fruit_0373.jpg,6
tenclass\tulip\tulip458.jpg,9
tenclass\person\person576.jpg,8
tenclass\fish\fish251.jpg,4
tenclass\fish\fish560.jpg,4
tenclass\motor\motorbike_0370.jpg,7
tenclass\tulip\tulip452.jpg,9
tenclass\car\1010.jpg,1
tenclass\flowers\flowers106.jpg,5
tenclass\car\1258.jpg,1
tenclass\airplane\570.jpg,0
tenclass\airplane\33.jpg,0
tenclass\tulip\tulip24.jpg,9
tenclass\fruit\fruit_0022.jpg,6
tenclass\motor\motorbike_0243.jpg,7
tenclass\airplane\35.jpg,0
tenclass\flowers\flowers290.jpg,5
tenclass\airplane\121.jpg,0
tenclass\cat\cat_0269.jpg,2
tenclass\tulip\tulip416.jpg,9
tenclass\airplane\221.jpg,0
tenclass\dog\dog_0173.jpg,3
tenclass\motor\motorbike_0009.jpg,7
tenclass\car\888.jpg,1
tenclass\car\970.jpg,1
tenclass\cat\cat_0168.jpg,2
tenclass\airplane\116.jpg,0
tenclass\motor\motorbike_0314.jpg,7
tenclass\airplane\260.jpg,0
tenclass\fruit\fruit_0309.jpg,6
tenclass\cat\cat_0102.jpg,2
tenclass\car\1233.jpg,1
tenclass\motor\motorbike_0301.jpg,7
tenclass\flowers\flowers239.jpg,5
tenclass\fruit\fruit_0355.jpg,6
tenclass\cat\cat_0348.jpg,2
tenclass\dog\dog_0506.jpg,3
tenclass\flowers\flowers569.jpg,5
tenclass\dog\dog_0292.jpg,3
tenclass\flowers\flowers33.jpg,5
tenclass\flowers\flowers133.jpg,5
tenclass\dog\dog_0205.jpg,3
tenclass\fruit\fruit_0132.jpg,6
tenclass\person\person592.jpg,8
tenclass\tulip\tulip358.jpg,9
tenclass\tulip\tulip273.jpg,9
tenclass\fruit\fruit_0310.jpg,6
tenclass\motor\motorbike_0510.jpg,7
tenclass\cat\cat_0554.jpg,2
tenclass\airplane\447.jpg,0
tenclass\person\person282.jpg,8
tenclass\fruit\fruit_0111.jpg,6
tenclass\flowers\flowers262.jpg,5
tenclass\tulip\tulip492.jpg,9
tenclass\car\1242.jpg,1
tenclass\airplane\390.jpg,0
tenclass\cat\cat_0189.jpg,2
tenclass\flowers\flowers144.jpg,5
tenclass\cat\cat_0419.jpg,2
tenclass\flowers\flowers128.jpg,5
tenclass\cat\cat_0343.jpg,2
tenclass\tulip\tulip310.jpg,9
tenclass\dog\dog_0093.jpg,3
tenclass\fish\fish584.jpg,4
tenclass\tulip\tulip326.jpg,9
tenclass\tulip\tulip259.jpg,9
tenclass\dog\dog_0553.jpg,3
tenclass\dog\dog_0049.jpg,3
tenclass\person\person99.jpg,8
tenclass\airplane\324.jpg,0
tenclass\fish\fish97.jpg,4
tenclass\person\person557.jpg,8
tenclass\car\948.jpg,1
tenclass\flowers\flowers63.jpg,5
tenclass\fish\fish279.jpg,4
tenclass\fruit\fruit_0290.jpg,6
tenclass\dog\dog_0542.jpg,3
tenclass\cat\cat_0234.jpg,2
tenclass\fish\fish468.jpg,4
tenclass\dog\dog_0316.jpg,3
tenclass\dog\dog_0210.jpg,3
tenclass\dog\dog_0385.jpg,3
tenclass\car\1270.jpg,1
tenclass\flowers\flowers121.jpg,5
tenclass\fish\fish43.jpg,4
tenclass\dog\dog_0215.jpg,3
tenclass\airplane\321.jpg,0
tenclass\tulip\tulip581.jpg,9
tenclass\person\person357.jpg,8
tenclass\fruit\fruit_0414.jpg,6
tenclass\airplane\183.jpg,0
tenclass\fruit\fruit_0156.jpg,6
tenclass\motor\motorbike_0485.jpg,7
tenclass\fruit\fruit_0157.jpg,6
tenclass\motor\motorbike_0275.jpg,7
tenclass\car\1232.jpg,1
tenclass\person\person205.jpg,8
tenclass\tulip\tulip212.jpg,9
tenclass\motor\motorbike_0284.jpg,7
tenclass\fish\fish580.jpg,4
tenclass\tulip\tulip365.jpg,9
tenclass\flowers\flowers231.jpg,5
tenclass\fish\fish8.jpg,4
tenclass\motor\motorbike_0045.jpg,7
tenclass\tulip\tulip455.jpg,9
tenclass\airplane\375.jpg,0
tenclass\fish\fish465.jpg,4
tenclass\car\797.jpg,1
tenclass\cat\cat_0262.jpg,2
tenclass\dog\dog_0104.jpg,3
tenclass\car\1271.jpg,1
tenclass\tulip\tulip251.jpg,9
tenclass\airplane\61.jpg,0
tenclass\motor\motorbike_0151.jpg,7
tenclass\flowers\flowers180.jpg,5
tenclass\person\person350.jpg,8
tenclass\fish\fish385.jpg,4
tenclass\cat\cat_0484.jpg,2
tenclass\tulip\tulip465.jpg,9
tenclass\person\person532.jpg,8
tenclass\person\person71.jpg,8
tenclass\motor\motorbike_0014.jpg,7
tenclass\person\person276.jpg,8
tenclass\person\person247.jpg,8
tenclass\dog\dog_0384.jpg,3
tenclass\flowers\flowers300.jpg,5
tenclass\car\894.jpg,1
tenclass\airplane\10.jpg,0
tenclass\cat\cat_0561.jpg,2
tenclass\airplane\318.jpg,0
tenclass\car\1223.jpg,1
tenclass\car\1204.jpg,1
tenclass\airplane\581.jpg,0
tenclass\person\person346.jpg,8
tenclass\cat\cat_0043.jpg,2
tenclass\airplane\360.jpg,0
tenclass\person\person298.jpg,8
tenclass\person\person102.jpg,8
tenclass\flowers\flowers192.jpg,5
tenclass\tulip\tulip20.jpg,9
tenclass\motor\motorbike_0159.jpg,7
tenclass\fish\fish135.jpg,4
tenclass\dog\dog_0322.jpg,3
tenclass\car\858.jpg,1
tenclass\person\person345.jpg,8
tenclass\airplane\164.jpg,0
tenclass\dog\dog_0071.jpg,3
tenclass\car\795.jpg,1
tenclass\airplane\558.jpg,0
tenclass\flowers\flowers80.jpg,5
tenclass\tulip\tulip146.jpg,9
tenclass\airplane\218.jpg,0
tenclass\motor\motorbike_0587.jpg,7
tenclass\cat\cat_0576.jpg,2
tenclass\tulip\tulip383.jpg,9
tenclass\fish\fish304.jpg,4
tenclass\airplane\287.jpg,0
tenclass\tulip\tulip329.jpg,9
tenclass\dog\dog_0183.jpg,3
tenclass\car\1295.jpg,1
tenclass\flowers\flowers523.jpg,5
tenclass\flowers\flowers573.jpg,5
tenclass\fruit\fruit_0298.jpg,6
tenclass\cat\cat_0349.jpg,2
tenclass\fruit\fruit_0082.jpg,6
tenclass\cat\cat_0284.jpg,2
tenclass\flowers\flowers337.jpg,5
tenclass\tulip\tulip353.jpg,9
tenclass\car\1083.jpg,1
tenclass\car\919.jpg,1
tenclass\fruit\fruit_0341.jpg,6
tenclass\dog\dog_0302.jpg,3
tenclass\cat\cat_0394.jpg,2
tenclass\car\1088.jpg,1
tenclass\tulip\tulip1.jpg,9
tenclass\person\person188.jpg,8
tenclass\car\926.jpg,1
tenclass\airplane\9.jpg,0
tenclass\motor\motorbike_0188.jpg,7
tenclass\dog\dog_0225.jpg,3
tenclass\dog\dog_0580.jpg,3
tenclass\cat\cat_0352.jpg,2
tenclass\airplane\285.jpg,0
tenclass\motor\motorbike_0180.jpg,7
tenclass\person\person28.jpg,8
tenclass\car\995.jpg,1
tenclass\tulip\tulip33.jpg,9
tenclass\person\person342.jpg,8
tenclass\fruit\fruit_0096.jpg,6
tenclass\motor\motorbike_0190.jpg,7
tenclass\fruit\fruit_0260.jpg,6
tenclass\car\1022.jpg,1
tenclass\cat\cat_0157.jpg,2
tenclass\motor\motorbike_0596.jpg,7
tenclass\airplane\21.jpg,0
tenclass\person\person516.jpg,8
tenclass\car\778.jpg,1
tenclass\tulip\tulip123.jpg,9
tenclass\person\person273.jpg,8
tenclass\flowers\flowers179.jpg,5
tenclass\flowers\flowers432.jpg,5
tenclass\airplane\126.jpg,0
tenclass\tulip\tulip356.jpg,9
tenclass\fish\fish340.jpg,4
tenclass\airplane\512.jpg,0
tenclass\car\1077.jpg,1
tenclass\cat\cat_0377.jpg,2
tenclass\dog\dog_0001.jpg,3
tenclass\fish\fish256.jpg,4
tenclass\fish\fish213.jpg,4
tenclass\person\person216.jpg,8
tenclass\tulip\tulip408.jpg,9
tenclass\tulip\tulip471.jpg,9
tenclass\dog\dog_0531.jpg,3
tenclass\flowers\flowers69.jpg,5
tenclass\airplane\436.jpg,0
tenclass\cat\cat_0439.jpg,2
tenclass\tulip\tulip571.jpg,9
tenclass\tulip\tulip136.jpg,9
tenclass\airplane\454.jpg,0
tenclass\dog\dog_0140.jpg,3
tenclass\flowers\flowers22.jpg,5
tenclass\person\person538.jpg,8
tenclass\flowers\flowers217.jpg,5
tenclass\person\person315.jpg,8
tenclass\fish\fish201.jpg,4
tenclass\car\868.jpg,1
tenclass\fruit\fruit_0423.jpg,6
tenclass\motor\motorbike_0177.jpg,7
tenclass\dog\dog_0233.jpg,3
tenclass\person\person551.jpg,8
tenclass\airplane\118.jpg,0
tenclass\fish\fish180.jpg,4
tenclass\motor\motorbike_0393.jpg,7
tenclass\airplane\443.jpg,0
tenclass\person\person86.jpg,8
tenclass\fish\fish237.jpg,4
tenclass\fruit\fruit_0349.jpg,6
tenclass\fruit\fruit_0424.jpg,6
tenclass\motor\motorbike_0397.jpg,7
tenclass\flowers\flowers364.jpg,5
tenclass\flowers\flowers4.jpg,5
tenclass\tulip\tulip532.jpg,9
tenclass\cat\cat_0290.jpg,2
tenclass\airplane\228.jpg,0
tenclass\cat\cat_0042.jpg,2
tenclass\car\1262.jpg,1
tenclass\airplane\423.jpg,0
tenclass\tulip\tulip27.jpg,9
tenclass\flowers\flowers298.jpg,5
tenclass\dog\dog_0143.jpg,3
tenclass\airplane\363.jpg,0
tenclass\cat\cat_0573.jpg,2
tenclass\tulip\tulip98.jpg,9
tenclass\tulip\tulip56.jpg,9
tenclass\fish\fish473.jpg,4
tenclass\car\1312.jpg,1
tenclass\person\person469.jpg,8
tenclass\fish\fish229.jpg,4
tenclass\airplane\546.jpg,0
tenclass\cat\cat_0174.jpg,2
tenclass\dog\dog_0549.jpg,3
tenclass\person\person423.jpg,8
tenclass\flowers\flowers537.jpg,5
tenclass\flowers\flowers197.jpg,5
tenclass\car\963.jpg,1
tenclass\fruit\fruit_0596.jpg,6
tenclass\fruit\fruit_0062.jpg,6
tenclass\fish\fish119.jpg,4
tenclass\fish\fish214.jpg,4
tenclass\car\1303.jpg,1
tenclass\fish\fish292.jpg,4
tenclass\fruit\fruit_0191.jpg,6
tenclass\car\927.jpg,1
tenclass\fruit\fruit_0376.jpg,6
tenclass\tulip\tulip366.jpg,9
tenclass\airplane\190.jpg,0
tenclass\motor\motorbike_0346.jpg,7
tenclass\flowers\flowers583.jpg,5
tenclass\fruit\fruit_0262.jpg,6
tenclass\tulip\tulip439.jpg,9
tenclass\tulip\tulip92.jpg,9
tenclass\fish\fish481.jpg,4
tenclass\flowers\flowers480.jpg,5
tenclass\flowers\flowers454.jpg,5
tenclass\flowers\flowers564.jpg,5
tenclass\car\966.jpg,1
tenclass\fruit\fruit_0580.jpg,6
tenclass\flowers\flowers354.jpg,5
tenclass\cat\cat_0584.jpg,2
tenclass\person\person211.jpg,8
tenclass\dog\dog_0516.jpg,3
tenclass\cat\cat_0376.jpg,2
tenclass\tulip\tulip208.jpg,9
tenclass\person\person280.jpg,8
tenclass\tulip\tulip425.jpg,9
tenclass\fish\fish478.jpg,4
tenclass\dog\dog_0285.jpg,3
tenclass\flowers\flowers518.jpg,5
tenclass\person\person242.jpg,8
tenclass\fruit\fruit_0071.jpg,6
tenclass\person\person494.jpg,8
tenclass\dog\dog_0520.jpg,3
tenclass\fish\fish297.jpg,4
tenclass\fruit\fruit_0467.jpg,6
tenclass\cat\cat_0100.jpg,2
tenclass\car\1017.jpg,1
tenclass\person\person528.jpg,8
tenclass\person\person206.jpg,8
tenclass\fish\fish3.jpg,4
tenclass\motor\motorbike_0507.jpg,7
tenclass\car\1187.jpg,1
tenclass\airplane\244.jpg,0
tenclass\car\1095.jpg,1
tenclass\airplane\316.jpg,0
tenclass\car\1143.jpg,1
tenclass\car\1300.jpg,1
tenclass\fish\fish86.jpg,4
tenclass\dog\dog_0444.jpg,3
tenclass\fish\fish371.jpg,4
tenclass\tulip\tulip101.jpg,9
tenclass\fish\fish235.jpg,4
tenclass\flowers\flowers161.jpg,5
tenclass\cat\cat_0587.jpg,2
tenclass\tulip\tulip339.jpg,9
tenclass\cat\cat_0236.jpg,2
tenclass\person\person518.jpg,8
tenclass\cat\cat_0210.jpg,2
tenclass\tulip\tulip331.jpg,9
tenclass\flowers\flowers324.jpg,5
tenclass\flowers\flowers313.jpg,5
tenclass\dog\dog_0189.jpg,3
tenclass\airplane\86.jpg,0
tenclass\fruit\fruit_0560.jpg,6
tenclass\person\person77.jpg,8
tenclass\car\882.jpg,1
tenclass\tulip\tulip224.jpg,9
tenclass\tulip\tulip288.jpg,9
tenclass\flowers\flowers34.jpg,5
tenclass\person\person506.jpg,8
tenclass\car\1304.jpg,1
tenclass\airplane\392.jpg,0
tenclass\fish\fish160.jpg,4
tenclass\dog\dog_0569.jpg,3
tenclass\dog\dog_0337.jpg,3
tenclass\car\865.jpg,1
tenclass\car\1137.jpg,1
tenclass\airplane\163.jpg,0
tenclass\car\1009.jpg,1
tenclass\fish\fish407.jpg,4
tenclass\flowers\flowers46.jpg,5
tenclass\airplane\252.jpg,0
tenclass\tulip\tulip277.jpg,9
tenclass\fish\fish443.jpg,4
tenclass\fruit\fruit_0098.jpg,6
tenclass\flowers\flowers171.jpg,5
tenclass\person\person220.jpg,8
tenclass\airplane\70.jpg,0
tenclass\cat\cat_0314.jpg,2
tenclass\person\person74.jpg,8
tenclass\fish\fish472.jpg,4
tenclass\cat\cat_0289.jpg,2
tenclass\flowers\flowers384.jpg,5
tenclass\cat\cat_0201.jpg,2
tenclass\fruit\fruit_0552.jpg,6
tenclass\airplane\219.jpg,0
tenclass\airplane\138.jpg,0
tenclass\person\person4.jpg,8
tenclass\flowers\flowers344.jpg,5
tenclass\tulip\tulip542.jpg,9
tenclass\car\873.jpg,1
tenclass\flowers\flowers511.jpg,5
tenclass\fish\fish570.jpg,4
tenclass\car\991.jpg,1
tenclass\fish\fish414.jpg,4
tenclass\fruit\fruit_0110.jpg,6
tenclass\person\person393.jpg,8
tenclass\dog\dog_0366.jpg,3
tenclass\person\person241.jpg,8
tenclass\cat\cat_0345.jpg,2
tenclass\cat\cat_0026.jpg,2
tenclass\car\799.jpg,1
tenclass\motor\motorbike_0368.jpg,7
tenclass\airplane\182.jpg,0
tenclass\fruit\fruit_0493.jpg,6
tenclass\cat\cat_0188.jpg,2
tenclass\tulip\tulip248.jpg,9
tenclass\car\804.jpg,1
tenclass\person\person39.jpg,8
tenclass\cat\cat_0001.jpg,2
tenclass\fish\fish503.jpg,4
tenclass\car\785.jpg,1
tenclass\cat\cat_0180.jpg,2
tenclass\dog\dog_0356.jpg,3
tenclass\fruit\fruit_0403.jpg,6
tenclass\tulip\tulip104.jpg,9
tenclass\motor\motorbike_0584.jpg,7
tenclass\fish\fish322.jpg,4
tenclass\dog\dog_0313.jpg,3
tenclass\person\person463.jpg,8
tenclass\fruit\fruit_0416.jpg,6
tenclass\tulip\tulip184.jpg,9
tenclass\fish\fish557.jpg,4
tenclass\fruit\fruit_0220.jpg,6
tenclass\fruit\fruit_0146.jpg,6
tenclass\tulip\tulip429.jpg,9
tenclass\dog\dog_0229.jpg,3
tenclass\airplane\431.jpg,0
tenclass\flowers\flowers0.jpg,5
tenclass\motor\motorbike_0121.jpg,7
tenclass\fruit\fruit_0425.jpg,6
tenclass\car\923.jpg,1
tenclass\person\person139.jpg,8
tenclass\flowers\flowers103.jpg,5
tenclass\fish\fish581.jpg,4
tenclass\tulip\tulip309.jpg,9
tenclass\cat\cat_0548.jpg,2
tenclass\flowers\flowers356.jpg,5
tenclass\dog\dog_0239.jpg,3
tenclass\airplane\248.jpg,0
tenclass\airplane\49.jpg,0
tenclass\airplane\480.jpg,0
tenclass\fruit\fruit_0168.jpg,6
tenclass\tulip\tulip13.jpg,9
tenclass\dog\dog_0203.jpg,3
tenclass\tulip\tulip400.jpg,9
tenclass\tulip\tulip50.jpg,9
tenclass\dog\dog_0591.jpg,3
tenclass\airplane\441.jpg,0
tenclass\fruit\fruit_0398.jpg,6
tenclass\fish\fish554.jpg,4
tenclass\fish\fish565.jpg,4
tenclass\flowers\flowers363.jpg,5
tenclass\airplane\222.jpg,0
tenclass\flowers\flowers73.jpg,5
tenclass\fruit\fruit_0460.jpg,6
tenclass\car\1129.jpg,1
tenclass\fish\fish492.jpg,4
tenclass\cat\cat_0540.jpg,2
tenclass\airplane\254.jpg,0
tenclass\airplane\525.jpg,0
tenclass\car\879.jpg,1
tenclass\fish\fish144.jpg,4
tenclass\cat\cat_0492.jpg,2
tenclass\motor\motorbike_0396.jpg,7
tenclass\fruit\fruit_0140.jpg,6
tenclass\tulip\tulip121.jpg,9
tenclass\car\883.jpg,1
tenclass\dog\dog_0069.jpg,3
tenclass\fruit\fruit_0178.jpg,6
tenclass\car\1099.jpg,1
tenclass\airplane\432.jpg,0
tenclass\tulip\tulip40.jpg,9
tenclass\fruit\fruit_0039.jpg,6
tenclass\car\949.jpg,1
tenclass\airplane\476.jpg,0
tenclass\fish\fish164.jpg,4
tenclass\dog\dog_0344.jpg,3
tenclass\fruit\fruit_0224.jpg,6
tenclass\fish\fish474.jpg,4
tenclass\cat\cat_0575.jpg,2
tenclass\dog\dog_0392.jpg,3
tenclass\tulip\tulip281.jpg,9
tenclass\car\913.jpg,1
tenclass\fruit\fruit_0339.jpg,6
tenclass\fish\fish195.jpg,4
tenclass\fish\fish571.jpg,4
tenclass\person\person64.jpg,8
tenclass\airplane\225.jpg,0
tenclass\dog\dog_0260.jpg,3
tenclass\fruit\fruit_0211.jpg,6
tenclass\cat\cat_0536.jpg,2
tenclass\flowers\flowers456.jpg,5
tenclass\airplane\439.jpg,0
tenclass\flowers\flowers440.jpg,5
tenclass\motor\motorbike_0421.jpg,7
tenclass\car\1046.jpg,1
tenclass\fruit\fruit_0250.jpg,6
tenclass\airplane\196.jpg,0
tenclass\fish\fish33.jpg,4
tenclass\cat\cat_0240.jpg,2
tenclass\car\755.jpg,1
tenclass\fruit\fruit_0228.jpg,6
tenclass\tulip\tulip183.jpg,9
tenclass\dog\dog_0172.jpg,3
tenclass\tulip\tulip488.jpg,9
tenclass\airplane\406.jpg,0
tenclass\person\person293.jpg,8
tenclass\motor\motorbike_0234.jpg,7
tenclass\dog\dog_0090.jpg,3
tenclass\person\person400.jpg,8
tenclass\fish\fish207.jpg,4
tenclass\tulip\tulip442.jpg,9
tenclass\car\1227.jpg,1
tenclass\tulip\tulip211.jpg,9
tenclass\fish\fish564.jpg,4
tenclass\motor\motorbike_0044.jpg,7
tenclass\dog\dog_0115.jpg,3
tenclass\motor\motorbike_0158.jpg,7
tenclass\cat\cat_0223.jpg,2
tenclass\fruit\fruit_0051.jpg,6
tenclass\motor\motorbike_0003.jpg,7
tenclass\dog\dog_0271.jpg,3
tenclass\motor\motorbike_0329.jpg,7
tenclass\airplane\88.jpg,0
tenclass\dog\dog_0138.jpg,3
tenclass\cat\cat_0235.jpg,2
tenclass\car\915.jpg,1
tenclass\dog\dog_0291.jpg,3
tenclass\motor\motorbike_0376.jpg,7
tenclass\airplane\399.jpg,0
tenclass\fruit\fruit_0342.jpg,6
tenclass\tulip\tulip235.jpg,9
tenclass\airplane\212.jpg,0
tenclass\person\person253.jpg,8
tenclass\flowers\flowers487.jpg,5
tenclass\fish\fish158.jpg,4
tenclass\fruit\fruit_0226.jpg,6
tenclass\person\person221.jpg,8
tenclass\flowers\flowers146.jpg,5
tenclass\motor\motorbike_0496.jpg,7
tenclass\car\1302.jpg,1
tenclass\dog\dog_0123.jpg,3
tenclass\motor\motorbike_0419.jpg,7
tenclass\person\person229.jpg,8
tenclass\fruit\fruit_0334.jpg,6
tenclass\person\person589.jpg,8
tenclass\motor\motorbike_0060.jpg,7
tenclass\fruit\fruit_0046.jpg,6
tenclass\motor\motorbike_0260.jpg,7
tenclass\tulip\tulip434.jpg,9
tenclass\fish\fish228.jpg,4
tenclass\motor\motorbike_0156.jpg,7
tenclass\person\person145.jpg,8
tenclass\motor\motorbike_0236.jpg,7
tenclass\fish\fish289.jpg,4
tenclass\airplane\53.jpg,0
tenclass\fish\fish428.jpg,4
tenclass\dog\dog_0195.jpg,3
tenclass\car\1128.jpg,1
tenclass\fruit\fruit_0361.jpg,6
tenclass\fruit\fruit_0239.jpg,6
tenclass\fish\fish441.jpg,4
tenclass\airplane\328.jpg,0
tenclass\motor\motorbike_0344.jpg,7
tenclass\dog\dog_0000.jpg,3
tenclass\cat\cat_0511.jpg,2
tenclass\car\1054.jpg,1
tenclass\dog\dog_0091.jpg,3
tenclass\motor\motorbike_0104.jpg,7
tenclass\flowers\flowers170.jpg,5
tenclass\flowers\flowers318.jpg,5
tenclass\motor\motorbike_0170.jpg,7
tenclass\person\person395.jpg,8
tenclass\tulip\tulip473.jpg,9
tenclass\car\1190.jpg,1
tenclass\airplane\528.jpg,0
tenclass\flowers\flowers579.jpg,5
tenclass\fish\fish243.jpg,4
tenclass\tulip\tulip545.jpg,9
tenclass\flowers\flowers48.jpg,5
tenclass\motor\motorbike_0056.jpg,7
tenclass\airplane\186.jpg,0
tenclass\person\person517.jpg,8
tenclass\motor\motorbike_0483.jpg,7
tenclass\car\814.jpg,1
tenclass\person\person336.jpg,8
tenclass\tulip\tulip241.jpg,9
tenclass\fruit\fruit_0139.jpg,6
tenclass\cat\cat_0413.jpg,2
tenclass\car\925.jpg,1
tenclass\tulip\tulip533.jpg,9
tenclass\airplane\245.jpg,0
tenclass\motor\motorbike_0380.jpg,7
tenclass\fruit\fruit_0583.jpg,6
tenclass\dog\dog_0369.jpg,3
tenclass\dog\dog_0479.jpg,3
tenclass\dog\dog_0566.jpg,3
tenclass\fish\fish427.jpg,4
tenclass\fish\fish67.jpg,4
tenclass\flowers\flowers553.jpg,5
tenclass\dog\dog_0033.jpg,3
tenclass\fish\fish521.jpg,4
tenclass\motor\motorbike_0464.jpg,7
tenclass\airplane\442.jpg,0
tenclass\fish\fish460.jpg,4
tenclass\cat\cat_0467.jpg,2
tenclass\dog\dog_0528.jpg,3
tenclass\dog\dog_0149.jpg,3
tenclass\fruit\fruit_0549.jpg,6
tenclass\airplane\217.jpg,0
tenclass\flowers\flowers528.jpg,5
tenclass\motor\motorbike_0348.jpg,7
tenclass\dog\dog_0393.jpg,3
tenclass\cat\cat_0525.jpg,2
tenclass\cat\cat_0543.jpg,2
tenclass\car\1294.jpg,1
tenclass\person\person104.jpg,8
tenclass\tulip\tulip39.jpg,9
tenclass\fish\fish300.jpg,4
tenclass\car\1189.jpg,1
tenclass\cat\cat_0106.jpg,2
tenclass\cat\cat_0524.jpg,2
tenclass\fish\fish362.jpg,4
tenclass\dog\dog_0054.jpg,3
tenclass\cat\cat_0254.jpg,2
tenclass\airplane\261.jpg,0
tenclass\dog\dog_0050.jpg,3
tenclass\tulip\tulip440.jpg,9
tenclass\motor\motorbike_0119.jpg,7
tenclass\fish\fish501.jpg,4
tenclass\tulip\tulip88.jpg,9
tenclass\dog\dog_0124.jpg,3
tenclass\fish\fish471.jpg,4
tenclass\airplane\430.jpg,0
tenclass\tulip\tulip116.jpg,9
tenclass\motor\motorbike_0362.jpg,7
tenclass\fish\fish315.jpg,4
tenclass\car\793.jpg,1
tenclass\dog\dog_0419.jpg,3
tenclass\fruit\fruit_0305.jpg,6
tenclass\flowers\flowers335.jpg,5
tenclass\fruit\fruit_0013.jpg,6
tenclass\airplane\547.jpg,0
tenclass\car\918.jpg,1
tenclass\person\person383.jpg,8
tenclass\fruit\fruit_0407.jpg,6
tenclass\cat\cat_0122.jpg,2
tenclass\person\person466.jpg,8
tenclass\car\843.jpg,1
tenclass\flowers\flowers350.jpg,5
tenclass\motor\motorbike_0470.jpg,7
tenclass\motor\motorbike_0183.jpg,7
tenclass\fruit\fruit_0375.jpg,6
tenclass\dog\dog_0037.jpg,3
tenclass\fish\fish420.jpg,4
tenclass\fish\fish41.jpg,4
tenclass\fish\fish408.jpg,4
tenclass\fish\fish507.jpg,4
tenclass\airplane\333.jpg,0
tenclass\airplane\478.jpg,0
tenclass\person\person546.jpg,8
tenclass\flowers\flowers79.jpg,5
tenclass\car\839.jpg,1
tenclass\person\person233.jpg,8
tenclass\car\1305.jpg,1
tenclass\cat\cat_0093.jpg,2
tenclass\car\737.jpg,1
tenclass\motor\motorbike_0319.jpg,7
tenclass\fish\fish141.jpg,4
tenclass\flowers\flowers478.jpg,5
tenclass\person\person509.jpg,8
tenclass\car\1183.jpg,1
tenclass\airplane\211.jpg,0
tenclass\flowers\flowers551.jpg,5
tenclass\fish\fish569.jpg,4
tenclass\fish\fish84.jpg,4
tenclass\cat\cat_0355.jpg,2
tenclass\car\946.jpg,1
tenclass\airplane\413.jpg,0
tenclass\flowers\flowers431.jpg,5
tenclass\person\person130.jpg,8
tenclass\airplane\553.jpg,0
tenclass\flowers\flowers88.jpg,5
tenclass\dog\dog_0227.jpg,3
tenclass\fruit\fruit_0212.jpg,6
tenclass\airplane\137.jpg,0
tenclass\cat\cat_0572.jpg,2
tenclass\car\851.jpg,1
tenclass\car\840.jpg,1
tenclass\motor\motorbike_0424.jpg,7
tenclass\flowers\flowers413.jpg,5
tenclass\tulip\tulip78.jpg,9
tenclass\flowers\flowers423.jpg,5
tenclass\fish\fish199.jpg,4
tenclass\car\954.jpg,1
tenclass\flowers\flowers582.jpg,5
tenclass\airplane\475.jpg,0
tenclass\cat\cat_0347.jpg,2
tenclass\motor\motorbike_0491.jpg,7
tenclass\airplane\223.jpg,0
tenclass\airplane\492.jpg,0
tenclass\person\person563.jpg,8
tenclass\cat\cat_0530.jpg,2
tenclass\flowers\flowers127.jpg,5
tenclass\fruit\fruit_0542.jpg,6
tenclass\fruit\fruit_0056.jpg,6
tenclass\car\1092.jpg,1
tenclass\fish\fish486.jpg,4
tenclass\cat\cat_0528.jpg,2
tenclass\cat\cat_0350.jpg,2
tenclass\fruit\fruit_0556.jpg,6
tenclass\fish\fish280.jpg,4
tenclass\tulip\tulip15.jpg,9
tenclass\tulip\tulip478.jpg,9
tenclass\cat\cat_0334.jpg,2
tenclass\fish\fish124.jpg,4
tenclass\car\1119.jpg,1
tenclass\flowers\flowers397.jpg,5
tenclass\dog\dog_0455.jpg,3
tenclass\car\1003.jpg,1
tenclass\motor\motorbike_0395.jpg,7
tenclass\cat\cat_0265.jpg,2
tenclass\airplane\596.jpg,0
tenclass\airplane\143.jpg,0
tenclass\person\person38.jpg,8
tenclass\person\person187.jpg,8
tenclass\tulip\tulip81.jpg,9
tenclass\dog\dog_0044.jpg,3
tenclass\cat\cat_0408.jpg,2
tenclass\motor\motorbike_0154.jpg,7
tenclass\fish\fish282.jpg,4
tenclass\flowers\flowers183.jpg,5
tenclass\airplane\353.jpg,0
tenclass\flowers\flowers556.jpg,5
tenclass\car\878.jpg,1
tenclass\car\981.jpg,1
tenclass\fruit\fruit_0291.jpg,6
tenclass\motor\motorbike_0225.jpg,7
tenclass\person\person295.jpg,8
tenclass\fish\fish589.jpg,4
tenclass\tulip\tulip103.jpg,9
tenclass\person\person109.jpg,8
tenclass\tulip\tulip484.jpg,9
tenclass\flowers\flowers43.jpg,5
tenclass\flowers\flowers9.jpg,5
tenclass\dog\dog_0082.jpg,3
tenclass\flowers\flowers485.jpg,5
tenclass\cat\cat_0378.jpg,2
tenclass\fish\fish453.jpg,4
tenclass\flowers\flowers221.jpg,5
tenclass\fish\fish533.jpg,4
tenclass\person\person368.jpg,8
tenclass\motor\motorbike_0439.jpg,7
tenclass\tulip\tulip114.jpg,9
tenclass\airplane\131.jpg,0
tenclass\dog\dog_0060.jpg,3
tenclass\tulip\tulip164.jpg,9
tenclass\person\person56.jpg,8
tenclass\tulip\tulip562.jpg,9
tenclass\airplane\485.jpg,0
tenclass\fruit\fruit_0287.jpg,6
tenclass\dog\dog_0349.jpg,3
tenclass\airplane\566.jpg,0
tenclass\car\1126.jpg,1
tenclass\cat\cat_0199.jpg,2
tenclass\motor\motorbike_0425.jpg,7
tenclass\airplane\112.jpg,0
tenclass\tulip\tulip192.jpg,9
tenclass\car\1040.jpg,1
tenclass\flowers\flowers26.jpg,5
tenclass\fish\fish117.jpg,4
tenclass\cat\cat_0391.jpg,2
tenclass\fish\fish574.jpg,4
tenclass\dog\dog_0164.jpg,3
tenclass\car\1169.jpg,1
tenclass\cat\cat_0048.jpg,2
tenclass\car\1015.jpg,1
tenclass\tulip\tulip466.jpg,9
tenclass\fruit\fruit_0152.jpg,6
tenclass\person\person581.jpg,8
tenclass\person\person568.jpg,8
tenclass\fruit\fruit_0004.jpg,6
tenclass\car\768.jpg,1
tenclass\person\person577.jpg,8
tenclass\car\904.jpg,1
tenclass\airplane\192.jpg,0
tenclass\car\1073.jpg,1
tenclass\flowers\flowers597.jpg,5
tenclass\fruit\fruit_0286.jpg,6
tenclass\motor\motorbike_0543.jpg,7
tenclass\cat\cat_0029.jpg,2
tenclass\flowers\flowers36.jpg,5
tenclass\dog\dog_0097.jpg,3
tenclass\car\999.jpg,1
tenclass\dog\dog_0413.jpg,3
tenclass\cat\cat_0094.jpg,2
tenclass\flowers\flowers341.jpg,5
tenclass\motor\motorbike_0390.jpg,7
tenclass\person\person351.jpg,8
tenclass\fish\fish296.jpg,4
tenclass\car\790.jpg,1
tenclass\airplane\152.jpg,0
tenclass\flowers\flowers272.jpg,5
tenclass\dog\dog_0511.jpg,3
tenclass\tulip\tulip510.jpg,9
tenclass\car\958.jpg,1
tenclass\airplane\522.jpg,0
tenclass\dog\dog_0068.jpg,3
tenclass\flowers\flowers277.jpg,5
tenclass\dog\dog_0592.jpg,3
tenclass\fish\fish293.jpg,4
tenclass\flowers\flowers51.jpg,5
tenclass\fruit\fruit_0034.jpg,6
tenclass\airplane\145.jpg,0
tenclass\flowers\flowers542.jpg,5
tenclass\motor\motorbike_0208.jpg,7
tenclass\tulip\tulip386.jpg,9
tenclass\flowers\flowers164.jpg,5
tenclass\fish\fish334.jpg,4
tenclass\flowers\flowers463.jpg,5
tenclass\fruit\fruit_0387.jpg,6
tenclass\car\796.jpg,1
tenclass\cat\cat_0595.jpg,2
tenclass\cat\cat_0109.jpg,2
tenclass\dog\dog_0129.jpg,3
tenclass\person\person193.jpg,8
tenclass\fish\fish227.jpg,4
tenclass\car\870.jpg,1
tenclass\flowers\flowers132.jpg,5
tenclass\dog\dog_0241.jpg,3
tenclass\fish\fish361.jpg,4
tenclass\person\person493.jpg,8
tenclass\fruit\fruit_0316.jpg,6
tenclass\motor\motorbike_0193.jpg,7
tenclass\dog\dog_0396.jpg,3
tenclass\dog\dog_0435.jpg,3
tenclass\dog\dog_0179.jpg,3
tenclass\fruit\fruit_0464.jpg,6
tenclass\cat\cat_0311.jpg,2
tenclass\person\person413.jpg,8
tenclass\fruit\fruit_0065.jpg,6
tenclass\cat\cat_0422.jpg,2
tenclass\dog\dog_0501.jpg,3
tenclass\fish\fish536.jpg,4
tenclass\tulip\tulip161.jpg,9
tenclass\cat\cat_0493.jpg,2
tenclass\car\962.jpg,1
tenclass\fish\fish552.jpg,4
tenclass\tulip\tulip321.jpg,9
tenclass\dog\dog_0041.jpg,3
tenclass\airplane\362.jpg,0
tenclass\flowers\flowers267.jpg,5
tenclass\dog\dog_0352.jpg,3
tenclass\fruit\fruit_0434.jpg,6
tenclass\motor\motorbike_0570.jpg,7
tenclass\fruit\fruit_0236.jpg,6
tenclass\motor\motorbike_0501.jpg,7
tenclass\tulip\tulip394.jpg,9
tenclass\motor\motorbike_0564.jpg,7
tenclass\flowers\flowers441.jpg,5
tenclass\tulip\tulip579.jpg,9
tenclass\car\813.jpg,1
tenclass\fruit\fruit_0567.jpg,6
tenclass\car\1136.jpg,1
tenclass\tulip\tulip572.jpg,9
tenclass\cat\cat_0111.jpg,2
tenclass\cat\cat_0585.jpg,2
tenclass\person\person149.jpg,8
tenclass\tulip\tulip135.jpg,9
tenclass\dog\dog_0509.jpg,3
tenclass\flowers\flowers35.jpg,5
tenclass\flowers\flowers545.jpg,5
tenclass\motor\motorbike_0394.jpg,7
tenclass\cat\cat_0534.jpg,2
tenclass\cat\cat_0221.jpg,2
tenclass\cat\cat_0580.jpg,2
tenclass\fish\fish74.jpg,4
tenclass\fish\fish308.jpg,4
tenclass\flowers\flowers293.jpg,5
tenclass\tulip\tulip489.jpg,9
tenclass\cat\cat_0321.jpg,2
tenclass\fruit\fruit_0243.jpg,6
tenclass\car\956.jpg,1
tenclass\airplane\496.jpg,0
tenclass\fish\fish489.jpg,4
tenclass\dog\dog_0276.jpg,3
tenclass\airplane\598.jpg,0
tenclass\flowers\flowers425.jpg,5
tenclass\dog\dog_0432.jpg,3
tenclass\dog\dog_0430.jpg,3
tenclass\flowers\flowers82.jpg,5
tenclass\flowers\flowers160.jpg,5
tenclass\car\1241.jpg,1
tenclass\dog\dog_0112.jpg,3
tenclass\flowers\flowers28.jpg,5
tenclass\fruit\fruit_0318.jpg,6
tenclass\airplane\249.jpg,0
tenclass\person\person570.jpg,8
tenclass\tulip\tulip487.jpg,9
tenclass\person\person324.jpg,8
tenclass\fish\fish360.jpg,4
tenclass\flowers\flowers410.jpg,5
tenclass\tulip\tulip377.jpg,9
tenclass\motor\motorbike_0036.jpg,7
tenclass\flowers\flowers130.jpg,5
tenclass\cat\cat_0154.jpg,2
tenclass\dog\dog_0386.jpg,3
tenclass\flowers\flowers187.jpg,5
tenclass\dog\dog_0445.jpg,3
tenclass\tulip\tulip152.jpg,9
tenclass\cat\cat_0295.jpg,2
tenclass\flowers\flowers206.jpg,5
tenclass\airplane\470.jpg,0
tenclass\person\person16.jpg,8
tenclass\flowers\flowers362.jpg,5
tenclass\cat\cat_0579.jpg,2
tenclass\car\751.jpg,1
tenclass\fruit\fruit_0179.jpg,6
tenclass\flowers\flowers105.jpg,5
tenclass\tulip\tulip10.jpg,9
tenclass\dog\dog_0540.jpg,3
tenclass\cat\cat_0338.jpg,2
tenclass\car\1086.jpg,1
tenclass\flowers\flowers389.jpg,5
tenclass\tulip\tulip594.jpg,9
tenclass\fish\fish168.jpg,4
tenclass\car\777.jpg,1
tenclass\motor\motorbike_0130.jpg,7
tenclass\airplane\331.jpg,0
tenclass\tulip\tulip460.jpg,9
tenclass\car\1299.jpg,1
tenclass\flowers\flowers515.jpg,5
tenclass\car\1231.jpg,1
tenclass\car\909.jpg,1
tenclass\dog\dog_0166.jpg,3
tenclass\tulip\tulip118.jpg,9
tenclass\tulip\tulip223.jpg,9
tenclass\cat\cat_0219.jpg,2
tenclass\tulip\tulip216.jpg,9
tenclass\flowers\flowers234.jpg,5
tenclass\fruit\fruit_0307.jpg,6
tenclass\motor\motorbike_0295.jpg,7
tenclass\fish\fish487.jpg,4
tenclass\fish\fish81.jpg,4
tenclass\tulip\tulip290.jpg,9
tenclass\tulip\tulip482.jpg,9
tenclass\cat\cat_0369.jpg,2
tenclass\fruit\fruit_0116.jpg,6
tenclass\dog\dog_0147.jpg,3
tenclass\fruit\fruit_0510.jpg,6
tenclass\cat\cat_0183.jpg,2
tenclass\cat\cat_0143.jpg,2
tenclass\fish\fish348.jpg,4
tenclass\cat\cat_0052.jpg,2
tenclass\cat\cat_0397.jpg,2
tenclass\fish\fish35.jpg,4
tenclass\fish\fish298.jpg,4
tenclass\person\person239.jpg,8
tenclass\cat\cat_0275.jpg,2
tenclass\person\person199.jpg,8
tenclass\person\person243.jpg,8
tenclass\airplane\251.jpg,0
tenclass\dog\dog_0439.jpg,3
tenclass\flowers\flowers84.jpg,5
tenclass\dog\dog_0197.jpg,3
tenclass\cat\cat_0068.jpg,2
tenclass\tulip\tulip195.jpg,9
tenclass\tulip\tulip163.jpg,9
tenclass\tulip\tulip18.jpg,9
tenclass\fruit\fruit_0265.jpg,6
tenclass\fish\fish299.jpg,4
tenclass\airplane\284.jpg,0
tenclass\fish\fish148.jpg,4
tenclass\tulip\tulip221.jpg,9
tenclass\motor\motorbike_0517.jpg,7
tenclass\fruit\fruit_0113.jpg,6
tenclass\dog\dog_0481.jpg,3
tenclass\cat\cat_0226.jpg,2
tenclass\fruit\fruit_0564.jpg,6
tenclass\tulip\tulip519.jpg,9
tenclass\fruit\fruit_0377.jpg,6
tenclass\cat\cat_0291.jpg,2
tenclass\motor\motorbike_0199.jpg,7
tenclass\tulip\tulip534.jpg,9
tenclass\airplane\526.jpg,0
tenclass\tulip\tulip520.jpg,9
tenclass\fruit\fruit_0401.jpg,6
tenclass\tulip\tulip53.jpg,9
tenclass\fish\fish204.jpg,4
tenclass\dog\dog_0589.jpg,3
tenclass\cat\cat_0251.jpg,2
tenclass\motor\motorbike_0302.jpg,7
tenclass\tulip\tulip502.jpg,9
tenclass\flowers\flowers349.jpg,5
tenclass\person\person500.jpg,8
tenclass\car\877.jpg,1
tenclass\airplane\398.jpg,0
tenclass\motor\motorbike_0115.jpg,7
tenclass\dog\dog_0562.jpg,3
tenclass\fish\fish169.jpg,4
tenclass\airplane\449.jpg,0
tenclass\cat\cat_0282.jpg,2
tenclass\airplane\541.jpg,0
tenclass\fish\fish347.jpg,4
tenclass\car\1306.jpg,1
tenclass\fruit\fruit_0252.jpg,6
tenclass\cat\cat_0393.jpg,2
tenclass\flowers\flowers448.jpg,5
tenclass\car\1076.jpg,1
tenclass\car\861.jpg,1
tenclass\dog\dog_0059.jpg,3
tenclass\car\1033.jpg,1
tenclass\fruit\fruit_0231.jpg,6
tenclass\airplane\428.jpg,0
tenclass\tulip\tulip569.jpg,9
tenclass\motor\motorbike_0006.jpg,7
tenclass\car\1168.jpg,1
tenclass\airplane\320.jpg,0
tenclass\airplane\247.jpg,0
tenclass\airplane\561.jpg,0
tenclass\airplane\577.jpg,0
tenclass\car\1037.jpg,1
tenclass\fruit\fruit_0123.jpg,6
tenclass\person\person455.jpg,8
tenclass\fish\fish372.jpg,4
tenclass\fish\fish7.jpg,4
tenclass\airplane\575.jpg,0
tenclass\airplane\355.jpg,0
tenclass\fruit\fruit_0244.jpg,6
tenclass\tulip\tulip170.jpg,9
tenclass\person\person301.jpg,8
tenclass\flowers\flowers503.jpg,5
tenclass\person\person540.jpg,8
tenclass\cat\cat_0445.jpg,2
tenclass\cat\cat_0259.jpg,2
tenclass\fruit\fruit_0297.jpg,6
tenclass\airplane\29.jpg,0
tenclass\cat\cat_0124.jpg,2
tenclass\flowers\flowers185.jpg,5
tenclass\tulip\tulip54.jpg,9
tenclass\cat\cat_0403.jpg,2
tenclass\airplane\344.jpg,0
tenclass\airplane\497.jpg,0
tenclass\fish\fish31.jpg,4
tenclass\fruit\fruit_0033.jpg,6
tenclass\cat\cat_0529.jpg,2
tenclass\dog\dog_0522.jpg,3
tenclass\fruit\fruit_0391.jpg,6
tenclass\tulip\tulip253.jpg,9
tenclass\flowers\flowers401.jpg,5
tenclass\dog\dog_0311.jpg,3
tenclass\flowers\flowers268.jpg,5
tenclass\cat\cat_0141.jpg,2
tenclass\person\person36.jpg,8
tenclass\flowers\flowers305.jpg,5
tenclass\motor\motorbike_0272.jpg,7
tenclass\fish\fish411.jpg,4
tenclass\cat\cat_0361.jpg,2
tenclass\motor\motorbike_0388.jpg,7
tenclass\flowers\flowers114.jpg,5
tenclass\car\871.jpg,1
tenclass\person\person508.jpg,8
tenclass\tulip\tulip107.jpg,9
tenclass\car\854.jpg,1
tenclass\fish\fish66.jpg,4
tenclass\flowers\flowers45.jpg,5
tenclass\fruit\fruit_0357.jpg,6
tenclass\motor\motorbike_0533.jpg,7
tenclass\person\person565.jpg,8
tenclass\fruit\fruit_0422.jpg,6
tenclass\motor\motorbike_0327.jpg,7
tenclass\fish\fish490.jpg,4
tenclass\airplane\55.jpg,0
tenclass\person\person398.jpg,8
tenclass\dog\dog_0254.jpg,3
tenclass\car\841.jpg,1
tenclass\cat\cat_0286.jpg,2
tenclass\person\person248.jpg,8
tenclass\airplane\489.jpg,0
tenclass\car\820.jpg,1
tenclass\motor\motorbike_0169.jpg,7
tenclass\motor\motorbike_0582.jpg,7
tenclass\fruit\fruit_0356.jpg,6
tenclass\car\1089.jpg,1
tenclass\motor\motorbike_0468.jpg,7
tenclass\flowers\flowers504.jpg,5
tenclass\person\person266.jpg,8
tenclass\motor\motorbike_0414.jpg,7
tenclass\flowers\flowers201.jpg,5
tenclass\motor\motorbike_0542.jpg,7
tenclass\cat\cat_0319.jpg,2
tenclass\person\person80.jpg,8
tenclass\fish\fish314.jpg,4
tenclass\tulip\tulip83.jpg,9
tenclass\dog\dog_0192.jpg,3
tenclass\tulip\tulip134.jpg,9
tenclass\person\person246.jpg,8
tenclass\dog\dog_0128.jpg,3
tenclass\airplane\498.jpg,0
tenclass\airplane\250.jpg,0
tenclass\fish\fish277.jpg,4
tenclass\car\1090.jpg,1
tenclass\tulip\tulip256.jpg,9
tenclass\motor\motorbike_0449.jpg,7
tenclass\person\person438.jpg,8
tenclass\cat\cat_0203.jpg,2
tenclass\airplane\11.jpg,0
tenclass\person\person111.jpg,8
tenclass\cat\cat_0022.jpg,2
tenclass\motor\motorbike_0122.jpg,7
tenclass\cat\cat_0113.jpg,2
tenclass\fish\fish232.jpg,4
tenclass\motor\motorbike_0209.jpg,7
tenclass\tulip\tulip443.jpg,9
tenclass\dog\dog_0259.jpg,3
tenclass\dog\dog_0497.jpg,3
tenclass\person\person48.jpg,8
tenclass\tulip\tulip255.jpg,9
tenclass\dog\dog_0499.jpg,3
tenclass\fish\fish274.jpg,4
tenclass\airplane\539.jpg,0
tenclass\person\person154.jpg,8
tenclass\motor\motorbike_0291.jpg,7
tenclass\tulip\tulip115.jpg,9
tenclass\fruit\fruit_0127.jpg,6
tenclass\flowers\flowers492.jpg,5
tenclass\motor\motorbike_0530.jpg,7
tenclass\airplane\229.jpg,0
tenclass\fish\fish463.jpg,4
tenclass\cat\cat_0127.jpg,2
tenclass\flowers\flowers139.jpg,5
tenclass\tulip\tulip480.jpg,9
tenclass\airplane\128.jpg,0
tenclass\flowers\flowers254.jpg,5
tenclass\person\person486.jpg,8
tenclass\flowers\flowers238.jpg,5
tenclass\person\person268.jpg,8
tenclass\motor\motorbike_0201.jpg,7
tenclass\dog\dog_0188.jpg,3
tenclass\cat\cat_0463.jpg,2
tenclass\flowers\flowers159.jpg,5
tenclass\cat\cat_0353.jpg,2
tenclass\flowers\flowers137.jpg,5
tenclass\dog\dog_0016.jpg,3
tenclass\motor\motorbike_0591.jpg,7
tenclass\fish\fish550.jpg,4
tenclass\tulip\tulip236.jpg,9
tenclass\fish\fish426.jpg,4
tenclass\car\1139.jpg,1
tenclass\dog\dog_0450.jpg,3
tenclass\fruit\fruit_0106.jpg,6
tenclass\tulip\tulip595.jpg,9
tenclass\fruit\fruit_0068.jpg,6
tenclass\dog\dog_0583.jpg,3
tenclass\tulip\tulip525.jpg,9
tenclass\flowers\flowers474.jpg,5
tenclass\person\person502.jpg,8
tenclass\tulip\tulip57.jpg,9
tenclass\cat\cat_0081.jpg,2
tenclass\person\person586.jpg,8
tenclass\flowers\flowers371.jpg,5
tenclass\flowers\flowers233.jpg,5
tenclass\fruit\fruit_0585.jpg,6
tenclass\motor\motorbike_0349.jpg,7
tenclass\dog\dog_0587.jpg,3
tenclass\fish\fish398.jpg,4
tenclass\airplane\580.jpg,0
tenclass\flowers\flowers150.jpg,5
tenclass\cat\cat_0024.jpg,2
tenclass\motor\motorbike_0261.jpg,7
tenclass\fruit\fruit_0197.jpg,6
tenclass\cat\cat_0065.jpg,2
tenclass\person\person300.jpg,8
tenclass\flowers\flowers398.jpg,5
tenclass\person\person200.jpg,8
tenclass\fruit\fruit_0008.jpg,6
tenclass\airplane\173.jpg,0
tenclass\flowers\flowers226.jpg,5
tenclass\motor\motorbike_0128.jpg,7
tenclass\tulip\tulip457.jpg,9
tenclass\flowers\flowers541.jpg,5
tenclass\cat\cat_0538.jpg,2
tenclass\airplane\31.jpg,0
tenclass\cat\cat_0342.jpg,2
tenclass\person\person264.jpg,8
tenclass\airplane\464.jpg,0
tenclass\tulip\tulip566.jpg,9
tenclass\fruit\fruit_0284.jpg,6
tenclass\person\person343.jpg,8
tenclass\car\985.jpg,1
tenclass\dog\dog_0414.jpg,3
tenclass\fish\fish382.jpg,4
tenclass\car\1094.jpg,1
tenclass\car\1285.jpg,1
tenclass\flowers\flowers567.jpg,5
tenclass\cat\cat_0233.jpg,2
tenclass\flowers\flowers588.jpg,5
tenclass\tulip\tulip496.jpg,9
tenclass\car\1228.jpg,1
tenclass\car\939.jpg,1
tenclass\dog\dog_0036.jpg,3
tenclass\cat\cat_0384.jpg,2
tenclass\tulip\tulip334.jpg,9
tenclass\cat\cat_0272.jpg,2
tenclass\airplane\315.jpg,0
tenclass\tulip\tulip508.jpg,9
tenclass\dog\dog_0209.jpg,3
tenclass\airplane\589.jpg,0
tenclass\dog\dog_0058.jpg,3
tenclass\tulip\tulip90.jpg,9
tenclass\fruit\fruit_0149.jpg,6
tenclass\person\person201.jpg,8
tenclass\fruit\fruit_0380.jpg,6
tenclass\airplane\94.jpg,0
tenclass\person\person152.jpg,8
tenclass\tulip\tulip596.jpg,9
tenclass\motor\motorbike_0548.jpg,7
tenclass\motor\motorbike_0285.jpg,7
tenclass\airplane\508.jpg,0
tenclass\tulip\tulip148.jpg,9
tenclass\airplane\262.jpg,0
tenclass\airplane\204.jpg,0
tenclass\tulip\tulip100.jpg,9
tenclass\airplane\420.jpg,0
tenclass\person\person386.jpg,8
tenclass\fruit\fruit_0181.jpg,6
tenclass\fish\fish390.jpg,4
tenclass\flowers\flowers44.jpg,5
tenclass\person\person175.jpg,8
tenclass\dog\dog_0157.jpg,3
tenclass\cat\cat_0582.jpg,2
tenclass\fruit\fruit_0452.jpg,6
tenclass\person\person421.jpg,8
tenclass\flowers\flowers154.jpg,5
tenclass\airplane\76.jpg,0
tenclass\fruit\fruit_0187.jpg,6
tenclass\flowers\flowers196.jpg,5
tenclass\fish\fish462.jpg,4
tenclass\motor\motorbike_0555.jpg,7
tenclass\fruit\fruit_0474.jpg,6
tenclass\cat\cat_0007.jpg,2
tenclass\car\1112.jpg,1
tenclass\fruit\fruit_0249.jpg,6
tenclass\airplane\578.jpg,0
tenclass\motor\motorbike_0331.jpg,7
tenclass\tulip\tulip49.jpg,9
tenclass\tulip\tulip343.jpg,9
tenclass\dog\dog_0013.jpg,3
tenclass\fruit\fruit_0535.jpg,6
tenclass\person\person277.jpg,8
tenclass\flowers\flowers598.jpg,5
tenclass\fish\fish418.jpg,4
tenclass\motor\motorbike_0429.jpg,7
tenclass\cat\cat_0274.jpg,2
tenclass\flowers\flowers391.jpg,5
tenclass\fruit\fruit_0322.jpg,6
tenclass\tulip\tulip279.jpg,9
tenclass\car\937.jpg,1
tenclass\car\1160.jpg,1
tenclass\flowers\flowers12.jpg,5
tenclass\person\person13.jpg,8
tenclass\motor\motorbike_0456.jpg,7
tenclass\fruit\fruit_0148.jpg,6
tenclass\car\806.jpg,1
tenclass\flowers\flowers195.jpg,5
tenclass\airplane\60.jpg,0
tenclass\flowers\flowers377.jpg,5
tenclass\fish\fish319.jpg,4
tenclass\person\person372.jpg,8
tenclass\airplane\114.jpg,0
tenclass\car\1165.jpg,1
tenclass\dog\dog_0447.jpg,3
tenclass\motor\motorbike_0418.jpg,7
tenclass\fish\fish200.jpg,4
tenclass\person\person103.jpg,8
tenclass\car\1273.jpg,1
tenclass\dog\dog_0428.jpg,3
tenclass\fish\fish285.jpg,4
tenclass\car\1148.jpg,1
tenclass\person\person554.jpg,8
tenclass\motor\motorbike_0383.jpg,7
tenclass\fruit\fruit_0409.jpg,6
tenclass\person\person12.jpg,8
tenclass\person\person519.jpg,8
tenclass\person\person237.jpg,8
tenclass\person\person117.jpg,8
tenclass\dog\dog_0389.jpg,3
tenclass\car\1008.jpg,1
tenclass\person\person228.jpg,8
tenclass\flowers\flowers577.jpg,5
tenclass\fruit\fruit_0167.jpg,6
tenclass\person\person24.jpg,8
tenclass\cat\cat_0371.jpg,2
tenclass\dog\dog_0434.jpg,3
tenclass\fruit\fruit_0565.jpg,6
tenclass\airplane\36.jpg,0
tenclass\person\person267.jpg,8
tenclass\motor\motorbike_0311.jpg,7
tenclass\person\person314.jpg,8
tenclass\person\person164.jpg,8
tenclass\tulip\tulip344.jpg,9
tenclass\person\person525.jpg,8
tenclass\car\817.jpg,1
tenclass\fish\fish116.jpg,4
tenclass\dog\dog_0394.jpg,3
tenclass\dog\dog_0399.jpg,3
tenclass\person\person430.jpg,8
tenclass\person\person55.jpg,8
tenclass\flowers\flowers312.jpg,5
tenclass\tulip\tulip587.jpg,9
tenclass\fish\fish480.jpg,4
tenclass\fruit\fruit_0155.jpg,6
tenclass\car\920.jpg,1
tenclass\flowers\flowers424.jpg,5
tenclass\fish\fish335.jpg,4
tenclass\tulip\tulip110.jpg,9
tenclass\flowers\flowers506.jpg,5
tenclass\dog\dog_0289.jpg,3
tenclass\cat\cat_0346.jpg,2
tenclass\airplane\494.jpg,0
tenclass\flowers\flowers531.jpg,5
tenclass\person\person198.jpg,8
tenclass\fish\fish576.jpg,4
tenclass\dog\dog_0464.jpg,3
tenclass\airplane\402.jpg,0
tenclass\person\person326.jpg,8
tenclass\person\person133.jpg,8
tenclass\car\1122.jpg,1
tenclass\dog\dog_0536.jpg,3
tenclass\person\person122.jpg,8
tenclass\person\person2.jpg,8
tenclass\airplane\238.jpg,0
tenclass\tulip\tulip307.jpg,9
tenclass\airplane\286.jpg,0
tenclass\fruit\fruit_0175.jpg,6
tenclass\person\person474.jpg,8
tenclass\airplane\531.jpg,0
tenclass\tulip\tulip472.jpg,9
tenclass\fish\fish283.jpg,4
tenclass\dog\dog_0256.jpg,3
tenclass\car\1323.jpg,1
tenclass\tulip\tulip324.jpg,9
tenclass\fish\fish179.jpg,4
tenclass\cat\cat_0196.jpg,2
tenclass\cat\cat_0504.jpg,2
tenclass\motor\motorbike_0567.jpg,7
tenclass\fruit\fruit_0383.jpg,6
tenclass\airplane\15.jpg,0
tenclass\person\person235.jpg,8
tenclass\tulip\tulip312.jpg,9
tenclass\airplane\448.jpg,0
tenclass\fruit\fruit_0263.jpg,6
tenclass\car\1152.jpg,1
tenclass\cat\cat_0134.jpg,2
tenclass\airplane\231.jpg,0
tenclass\airplane\180.jpg,0
tenclass\motor\motorbike_0013.jpg,7
tenclass\motor\motorbike_0232.jpg,7
tenclass\fruit\fruit_0395.jpg,6
tenclass\fish\fish246.jpg,4
tenclass\dog\dog_0478.jpg,3
tenclass\dog\dog_0170.jpg,3
tenclass\person\person20.jpg,8
tenclass\dog\dog_0336.jpg,3
tenclass\tulip\tulip549.jpg,9
tenclass\fruit\fruit_0499.jpg,6
tenclass\car\932.jpg,1
tenclass\fruit\fruit_0049.jpg,6
tenclass\cat\cat_0095.jpg,2
tenclass\motor\motorbike_0588.jpg,7
tenclass\fish\fish12.jpg,4
tenclass\airplane\136.jpg,0
tenclass\motor\motorbike_0202.jpg,7
tenclass\fruit\fruit_0279.jpg,6
tenclass\flowers\flowers408.jpg,5
tenclass\fish\fish556.jpg,4
tenclass\person\person95.jpg,8
tenclass\motor\motorbike_0315.jpg,7
tenclass\cat\cat_0207.jpg,2
tenclass\fish\fish165.jpg,4
tenclass\dog\dog_0262.jpg,3
tenclass\dog\dog_0515.jpg,3
tenclass\tulip\tulip217.jpg,9
tenclass\motor\motorbike_0488.jpg,7
tenclass\tulip\tulip95.jpg,9
tenclass\motor\motorbike_0562.jpg,7
tenclass\person\person444.jpg,8
tenclass\fish\fish399.jpg,4
tenclass\dog\dog_0468.jpg,3
tenclass\motor\motorbike_0412.jpg,7
tenclass\dog\dog_0500.jpg,3
tenclass\cat\cat_0399.jpg,2
tenclass\flowers\flowers310.jpg,5
tenclass\fish\fish6.jpg,4
tenclass\car\1197.jpg,1
tenclass\person\person119.jpg,8
tenclass\motor\motorbike_0423.jpg,7
tenclass\airplane\200.jpg,0
tenclass\dog\dog_0329.jpg,3
tenclass\cat\cat_0558.jpg,2
tenclass\tulip\tulip330.jpg,9
tenclass\motor\motorbike_0357.jpg,7
tenclass\tulip\tulip347.jpg,9
tenclass\flowers\flowers115.jpg,5
tenclass\fruit\fruit_0548.jpg,6
tenclass\flowers\flowers520.jpg,5
tenclass\fruit\fruit_0559.jpg,6
tenclass\car\953.jpg,1
tenclass\tulip\tulip139.jpg,9
tenclass\car\885.jpg,1
tenclass\car\1311.jpg,1
tenclass\flowers\flowers586.jpg,5
tenclass\airplane\377.jpg,0
tenclass\fish\fish459.jpg,4
tenclass\fish\fish438.jpg,4
tenclass\car\1236.jpg,1
tenclass\fruit\fruit_0203.jpg,6
tenclass\flowers\flowers477.jpg,5
tenclass\motor\motorbike_0073.jpg,7
tenclass\dog\dog_0202.jpg,3
tenclass\motor\motorbike_0033.jpg,7
tenclass\flowers\flowers581.jpg,5
tenclass\tulip\tulip25.jpg,9
tenclass\motor\motorbike_0220.jpg,7
tenclass\car\1127.jpg,1
tenclass\airplane\30.jpg,0
tenclass\cat\cat_0092.jpg,2
tenclass\fish\fish172.jpg,4
tenclass\cat\cat_0010.jpg,2
tenclass\person\person269.jpg,8
tenclass\flowers\flowers255.jpg,5
tenclass\flowers\flowers360.jpg,5
tenclass\airplane\491.jpg,0
tenclass\person\person548.jpg,8
tenclass\cat\cat_0003.jpg,2
tenclass\fish\fish377.jpg,4
tenclass\fruit\fruit_0238.jpg,6
tenclass\cat\cat_0522.jpg,2
tenclass\dog\dog_0267.jpg,3
tenclass\cat\cat_0281.jpg,2
tenclass\flowers\flowers561.jpg,5
tenclass\fruit\fruit_0144.jpg,6
tenclass\car\1130.jpg,1
tenclass\motor\motorbike_0083.jpg,7
tenclass\dog\dog_0017.jpg,3
tenclass\airplane\124.jpg,0
tenclass\fish\fish329.jpg,4
tenclass\airplane\159.jpg,0
tenclass\person\person337.jpg,8
tenclass\fish\fish330.jpg,4
tenclass\dog\dog_0333.jpg,3
tenclass\flowers\flowers529.jpg,5
tenclass\fruit\fruit_0086.jpg,6
tenclass\airplane\397.jpg,0
tenclass\car\990.jpg,1
tenclass\motor\motorbike_0025.jpg,7
tenclass\fruit\fruit_0229.jpg,6
tenclass\person\person333.jpg,8
tenclass\flowers\flowers429.jpg,5
tenclass\motor\motorbike_0251.jpg,7
tenclass\flowers\flowers444.jpg,5
tenclass\dog\dog_0067.jpg,3
tenclass\airplane\410.jpg,0
tenclass\dog\dog_0577.jpg,3
tenclass\cat\cat_0220.jpg,2
tenclass\motor\motorbike_0462.jpg,7
tenclass\fruit\fruit_0351.jpg,6
tenclass\motor\motorbike_0017.jpg,7
tenclass\dog\dog_0187.jpg,3
tenclass\cat\cat_0329.jpg,2
tenclass\cat\cat_0469.jpg,2
tenclass\cat\cat_0544.jpg,2
tenclass\fish\fish404.jpg,4
tenclass\motor\motorbike_0116.jpg,7
tenclass\dog\dog_0407.jpg,3
tenclass\dog\dog_0048.jpg,3
tenclass\motor\motorbike_0354.jpg,7
tenclass\tulip\tulip245.jpg,9
tenclass\fish\fish69.jpg,4
tenclass\tulip\tulip263.jpg,9
tenclass\car\1039.jpg,1
tenclass\fish\fish572.jpg,4
tenclass\fruit\fruit_0222.jpg,6
tenclass\tulip\tulip583.jpg,9
tenclass\person\person593.jpg,8
tenclass\cat\cat_0112.jpg,2
tenclass\motor\motorbike_0521.jpg,7
tenclass\car\762.jpg,1
tenclass\motor\motorbike_0374.jpg,7
tenclass\motor\motorbike_0215.jpg,7
tenclass\car\972.jpg,1
tenclass\dog\dog_0293.jpg,3
tenclass\tulip\tulip544.jpg,9
tenclass\motor\motorbike_0247.jpg,7
tenclass\fish\fish269.jpg,4
tenclass\person\person449.jpg,8
tenclass\tulip\tulip130.jpg,9
tenclass\person\person450.jpg,8
tenclass\motor\motorbike_0021.jpg,7
tenclass\fruit\fruit_0054.jpg,6
tenclass\cat\cat_0006.jpg,2
tenclass\dog\dog_0330.jpg,3
tenclass\flowers\flowers488.jpg,5
tenclass\car\759.jpg,1
tenclass\tulip\tulip539.jpg,9
tenclass\flowers\flowers227.jpg,5
tenclass\motor\motorbike_0460.jpg,7
tenclass\fish\fish273.jpg,4
tenclass\cat\cat_0488.jpg,2
tenclass\tulip\tulip421.jpg,9
tenclass\airplane\327.jpg,0
tenclass\cat\cat_0297.jpg,2
tenclass\fruit\fruit_0440.jpg,6
tenclass\tulip\tulip530.jpg,9
tenclass\person\person129.jpg,8
tenclass\motor\motorbike_0551.jpg,7
tenclass\person\person69.jpg,8
tenclass\flowers\flowers532.jpg,5
tenclass\fish\fish197.jpg,4
tenclass\person\person564.jpg,8
tenclass\person\person476.jpg,8
tenclass\motor\motorbike_0599.jpg,7
tenclass\motor\motorbike_0032.jpg,7
tenclass\cat\cat_0470.jpg,2
tenclass\fruit\fruit_0257.jpg,6
tenclass\motor\motorbike_0476.jpg,7
tenclass\fruit\fruit_0501.jpg,6
tenclass\flowers\flowers343.jpg,5
tenclass\airplane\8.jpg,0
tenclass\person\person470.jpg,8
tenclass\flowers\flowers370.jpg,5
tenclass\airplane\271.jpg,0
tenclass\fruit\fruit_0350.jpg,6
tenclass\motor\motorbike_0572.jpg,7
tenclass\dog\dog_0427.jpg,3
tenclass\cat\cat_0096.jpg,2
tenclass\fish\fish1.jpg,4
tenclass\fish\fish275.jpg,4
tenclass\car\992.jpg,1
tenclass\fish\fish421.jpg,4
tenclass\flowers\flowers366.jpg,5
tenclass\flowers\flowers156.jpg,5
tenclass\cat\cat_0499.jpg,2
tenclass\dog\dog_0119.jpg,3
tenclass\flowers\flowers136.jpg,5
tenclass\fish\fish216.jpg,4
tenclass\fruit\fruit_0466.jpg,6
tenclass\fruit\fruit_0232.jpg,6
tenclass\cat\cat_0133.jpg,2
tenclass\tulip\tulip546.jpg,9
tenclass\motor\motorbike_0577.jpg,7
tenclass\car\869.jpg,1
tenclass\fruit\fruit_0514.jpg,6
tenclass\fruit\fruit_0573.jpg,6
tenclass\airplane\153.jpg,0
tenclass\motor\motorbike_0547.jpg,7
tenclass\fruit\fruit_0515.jpg,6
tenclass\fruit\fruit_0364.jpg,6
tenclass\car\827.jpg,1
tenclass\motor\motorbike_0364.jpg,7
tenclass\tulip\tulip220.jpg,9
tenclass\dog\dog_0383.jpg,3
tenclass\car\917.jpg,1
tenclass\cat\cat_0506.jpg,2
tenclass\fish\fish535.jpg,4
tenclass\flowers\flowers351.jpg,5
tenclass\cat\cat_0247.jpg,2
tenclass\cat\cat_0438.jpg,2
tenclass\fish\fish257.jpg,4
tenclass\dog\dog_0220.jpg,3
tenclass\cat\cat_0294.jpg,2
tenclass\airplane\111.jpg,0
tenclass\car\1246.jpg,1
tenclass\airplane\396.jpg,0
tenclass\motor\motorbike_0432.jpg,7
tenclass\dog\dog_0165.jpg,3
tenclass\person\person560.jpg,8
tenclass\person\person138.jpg,8
tenclass\fish\fish396.jpg,4
tenclass\airplane\516.jpg,0
tenclass\tulip\tulip6.jpg,9
tenclass\car\1277.jpg,1
tenclass\motor\motorbike_0137.jpg,7
tenclass\dog\dog_0043.jpg,3
tenclass\airplane\444.jpg,0
tenclass\person\person40.jpg,8
tenclass\flowers\flowers60.jpg,5
tenclass\fish\fish219.jpg,4
tenclass\cat\cat_0249.jpg,2
tenclass\flowers\flowers517.jpg,5
tenclass\flowers\flowers587.jpg,5
tenclass\fish\fish105.jpg,4
tenclass\fruit\fruit_0497.jpg,6
tenclass\cat\cat_0507.jpg,2
tenclass\flowers\flowers258.jpg,5
tenclass\airplane\415.jpg,0
tenclass\dog\dog_0281.jpg,3
tenclass\fruit\fruit_0055.jpg,6
tenclass\airplane\54.jpg,0
tenclass\dog\dog_0200.jpg,3
tenclass\flowers\flowers361.jpg,5
tenclass\car\1031.jpg,1
tenclass\dog\dog_0250.jpg,3
tenclass\fruit\fruit_0415.jpg,6
tenclass\airplane\38.jpg,0
tenclass\tulip\tulip557.jpg,9
tenclass\tulip\tulip229.jpg,9
tenclass\dog\dog_0186.jpg,3
tenclass\person\person85.jpg,8
tenclass\cat\cat_0206.jpg,2
tenclass\car\886.jpg,1
tenclass\dog\dog_0446.jpg,3
tenclass\cat\cat_0412.jpg,2
tenclass\fish\fish578.jpg,4
tenclass\fruit\fruit_0021.jpg,6
tenclass\flowers\flowers168.jpg,5
tenclass\tulip\tulip565.jpg,9
tenclass\motor\motorbike_0211.jpg,7
tenclass\fish\fish120.jpg,4
tenclass\fruit\fruit_0267.jpg,6
tenclass\flowers\flowers572.jpg,5
tenclass\car\1144.jpg,1
tenclass\dog\dog_0063.jpg,3
tenclass\flowers\flowers530.jpg,5
tenclass\dog\dog_0595.jpg,3
tenclass\dog\dog_0412.jpg,3
tenclass\airplane\322.jpg,0
tenclass\fish\fish528.jpg,4
tenclass\car\1247.jpg,1
tenclass\cat\cat_0305.jpg,2
tenclass\person\person73.jpg,8
tenclass\fruit\fruit_0128.jpg,6
tenclass\fruit\fruit_0280.jpg,6
tenclass\dog\dog_0547.jpg,3
tenclass\car\1115.jpg,1
tenclass\airplane\468.jpg,0
tenclass\tulip\tulip431.jpg,9
tenclass\dog\dog_0594.jpg,3
tenclass\person\person427.jpg,8
tenclass\tulip\tulip294.jpg,9
tenclass\airplane\177.jpg,0
tenclass\car\1107.jpg,1
tenclass\flowers\flowers15.jpg,5
tenclass\motor\motorbike_0267.jpg,7
tenclass\airplane\189.jpg,0
tenclass\tulip\tulip38.jpg,9
tenclass\tulip\tulip407.jpg,9
tenclass\dog\dog_0532.jpg,3
tenclass\airplane\270.jpg,0
tenclass\car\1067.jpg,1
tenclass\dog\dog_0035.jpg,3
tenclass\tulip\tulip169.jpg,9
tenclass\fruit\fruit_0159.jpg,6
tenclass\fruit\fruit_0122.jpg,6
tenclass\tulip\tulip51.jpg,9
tenclass\person\person63.jpg,8
tenclass\motor\motorbike_0099.jpg,7
tenclass\fruit\fruit_0461.jpg,6
tenclass\fish\fish48.jpg,4
tenclass\cat\cat_0130.jpg,2
tenclass\dog\dog_0504.jpg,3
tenclass\fish\fish276.jpg,4
tenclass\tulip\tulip158.jpg,9
tenclass\fruit\fruit_0404.jpg,6
tenclass\motor\motorbike_0173.jpg,7
tenclass\motor\motorbike_0441.jpg,7
tenclass\dog\dog_0174.jpg,3
tenclass\cat\cat_0590.jpg,2
tenclass\fish\fish479.jpg,4
tenclass\car\1117.jpg,1
tenclass\motor\motorbike_0255.jpg,7
tenclass\tulip\tulip410.jpg,9
tenclass\dog\dog_0367.jpg,3
tenclass\person\person340.jpg,8
tenclass\flowers\flowers296.jpg,5
tenclass\flowers\flowers125.jpg,5
tenclass\tulip\tulip523.jpg,9
tenclass\fruit\fruit_0269.jpg,6
tenclass\cat\cat_0570.jpg,2
tenclass\dog\dog_0538.jpg,3
tenclass\car\1171.jpg,1
tenclass\fish\fish125.jpg,4
tenclass\fruit\fruit_0384.jpg,6
tenclass\cat\cat_0565.jpg,2
tenclass\motor\motorbike_0127.jpg,7
tenclass\tulip\tulip48.jpg,9
tenclass\motor\motorbike_0575.jpg,7
tenclass\flowers\flowers325.jpg,5
tenclass\flowers\flowers129.jpg,5
tenclass\motor\motorbike_0366.jpg,7
tenclass\car\727.jpg,1
tenclass\motor\motorbike_0338.jpg,7
tenclass\flowers\flowers76.jpg,5
tenclass\dog\dog_0114.jpg,3
tenclass\car\1201.jpg,1
tenclass\fish\fish157.jpg,4
tenclass\dog\dog_0151.jpg,3
tenclass\car\965.jpg,1
tenclass\tulip\tulip147.jpg,9
tenclass\fruit\fruit_0594.jpg,6
tenclass\person\person471.jpg,8
tenclass\person\person262.jpg,8
tenclass\motor\motorbike_0109.jpg,7
tenclass\fruit\fruit_0124.jpg,6
tenclass\cat\cat_0107.jpg,2
tenclass\flowers\flowers466.jpg,5
tenclass\dog\dog_0234.jpg,3
tenclass\tulip\tulip548.jpg,9
tenclass\person\person431.jpg,8
tenclass\car\1186.jpg,1
tenclass\motor\motorbike_0398.jpg,7
tenclass\car\1239.jpg,1
tenclass\person\person227.jpg,8
tenclass\person\person591.jpg,8
tenclass\dog\dog_0492.jpg,3
tenclass\motor\motorbike_0228.jpg,7
tenclass\person\person417.jpg,8
tenclass\cat\cat_0205.jpg,2
tenclass\person\person432.jpg,8
tenclass\flowers\flowers189.jpg,5
tenclass\fish\fish363.jpg,4
tenclass\flowers\flowers393.jpg,5
tenclass\fruit\fruit_0237.jpg,6
tenclass\airplane\135.jpg,0
tenclass\cat\cat_0416.jpg,2
tenclass\fish\fish244.jpg,4
tenclass\car\912.jpg,1
tenclass\dog\dog_0364.jpg,3
tenclass\dog\dog_0339.jpg,3
tenclass\airplane\78.jpg,0
tenclass\cat\cat_0161.jpg,2
tenclass\fish\fish73.jpg,4
tenclass\fish\fish364.jpg,4
tenclass\dog\dog_0266.jpg,3
tenclass\car\979.jpg,1
tenclass\motor\motorbike_0256.jpg,7
tenclass\fruit\fruit_0205.jpg,6
tenclass\dog\dog_0472.jpg,3
tenclass\tulip\tulip374.jpg,9
tenclass\airplane\199.jpg,0
tenclass\fruit\fruit_0491.jpg,6
tenclass\car\895.jpg,1
tenclass\car\750.jpg,1
tenclass\motor\motorbike_0294.jpg,7
tenclass\motor\motorbike_0531.jpg,7
tenclass\cat\cat_0458.jpg,2
tenclass\fish\fish331.jpg,4
tenclass\flowers\flowers95.jpg,5
tenclass\person\person281.jpg,8
tenclass\fruit\fruit_0093.jpg,6
tenclass\motor\motorbike_0096.jpg,7
tenclass\flowers\flowers37.jpg,5
tenclass\fish\fish356.jpg,4
tenclass\dog\dog_0467.jpg,3
tenclass\dog\dog_0251.jpg,3
tenclass\airplane\571.jpg,0
tenclass\tulip\tulip403.jpg,9
tenclass\airplane\395.jpg,0
tenclass\dog\dog_0533.jpg,3
tenclass\person\person527.jpg,8
tenclass\motor\motorbike_0524.jpg,7
tenclass\fruit\fruit_0275.jpg,6
tenclass\car\1005.jpg,1
tenclass\person\person573.jpg,8
tenclass\car\933.jpg,1
tenclass\fish\fish515.jpg,4
tenclass\airplane\306.jpg,0
tenclass\tulip\tulip464.jpg,9
tenclass\fruit\fruit_0125.jpg,6
tenclass\dog\dog_0023.jpg,3
tenclass\person\person523.jpg,8
tenclass\person\person105.jpg,8
tenclass\motor\motorbike_0229.jpg,7
tenclass\fruit\fruit_0480.jpg,6
tenclass\dog\dog_0028.jpg,3
tenclass\fish\fish415.jpg,4
tenclass\person\person488.jpg,8
tenclass\airplane\429.jpg,0
tenclass\cat\cat_0087.jpg,2
tenclass\flowers\flowers500.jpg,5
tenclass\tulip\tulip182.jpg,9
tenclass\tulip\tulip599.jpg,9
tenclass\fruit\fruit_0397.jpg,6
tenclass\flowers\flowers314.jpg,5
tenclass\airplane\298.jpg,0
tenclass\airplane\280.jpg,0
tenclass\cat\cat_0392.jpg,2
tenclass\tulip\tulip291.jpg,9
tenclass\airplane\536.jpg,0
tenclass\person\person344.jpg,8
tenclass\flowers\flowers213.jpg,5
tenclass\motor\motorbike_0064.jpg,7
tenclass\motor\motorbike_0410.jpg,7
tenclass\car\809.jpg,1
tenclass\tulip\tulip469.jpg,9
tenclass\flowers\flowers347.jpg,5
tenclass\motor\motorbike_0340.jpg,7
tenclass\fruit\fruit_0103.jpg,6
tenclass\tulip\tulip222.jpg,9
tenclass\person\person369.jpg,8
tenclass\car\1135.jpg,1
tenclass\airplane\567.jpg,0
tenclass\fish\fish595.jpg,4
tenclass\person\person487.jpg,8
tenclass\tulip\tulip296.jpg,9
tenclass\cat\cat_0185.jpg,2
tenclass\dog\dog_0029.jpg,3
tenclass\person\person480.jpg,8
tenclass\flowers\flowers124.jpg,5
tenclass\car\931.jpg,1
tenclass\tulip\tulip19.jpg,9
tenclass\fruit\fruit_0196.jpg,6
tenclass\flowers\flowers64.jpg,5
tenclass\car\1079.jpg,1
tenclass\flowers\flowers283.jpg,5
tenclass\motor\motorbike_0050.jpg,7
tenclass\tulip\tulip493.jpg,9
tenclass\tulip\tulip132.jpg,9
tenclass\fish\fish412.jpg,4
tenclass\motor\motorbike_0379.jpg,7
tenclass\car\1111.jpg,1
tenclass\tulip\tulip202.jpg,9
tenclass\car\1203.jpg,1
tenclass\dog\dog_0101.jpg,3
tenclass\dog\dog_0579.jpg,3
tenclass\dog\dog_0343.jpg,3
tenclass\fruit\fruit_0441.jpg,6
tenclass\car\1156.jpg,1
tenclass\person\person180.jpg,8
tenclass\fruit\fruit_0047.jpg,6
tenclass\flowers\flowers184.jpg,5
tenclass\airplane\369.jpg,0
tenclass\cat\cat_0456.jpg,2
tenclass\cat\cat_0176.jpg,2
tenclass\cat\cat_0051.jpg,2
tenclass\airplane\109.jpg,0
tenclass\fruit\fruit_0370.jpg,6
tenclass\dog\dog_0517.jpg,3
tenclass\airplane\266.jpg,0
tenclass\cat\cat_0388.jpg,2
tenclass\car\998.jpg,1
tenclass\tulip\tulip122.jpg,9
tenclass\flowers\flowers407.jpg,5
tenclass\airplane\2.jpg,0
tenclass\motor\motorbike_0367.jpg,7
tenclass\tulip\tulip194.jpg,9
tenclass\flowers\flowers200.jpg,5
tenclass\motor\motorbike_0391.jpg,7
tenclass\car\1163.jpg,1
tenclass\airplane\465.jpg,0
tenclass\airplane\193.jpg,0
tenclass\cat\cat_0059.jpg,2
tenclass\fish\fish161.jpg,4
tenclass\cat\cat_0465.jpg,2
tenclass\fruit\fruit_0381.jpg,6
tenclass\flowers\flowers307.jpg,5
tenclass\cat\cat_0020.jpg,2
tenclass\airplane\95.jpg,0
tenclass\fish\fish188.jpg,4
tenclass\tulip\tulip276.jpg,9
tenclass\fruit\fruit_0419.jpg,6
tenclass\car\1014.jpg,1
tenclass\person\person114.jpg,8
tenclass\cat\cat_0453.jpg,2
tenclass\dog\dog_0299.jpg,3
tenclass\airplane\359.jpg,0
tenclass\motor\motorbike_0478.jpg,7
tenclass\fruit\fruit_0040.jpg,6
tenclass\dog\dog_0191.jpg,3
tenclass\cat\cat_0017.jpg,2
tenclass\motor\motorbike_0028.jpg,7
tenclass\tulip\tulip125.jpg,9
tenclass\tulip\tulip297.jpg,9
tenclass\motor\motorbike_0018.jpg,7
tenclass\car\1145.jpg,1
tenclass\car\1080.jpg,1
tenclass\motor\motorbike_0063.jpg,7
tenclass\flowers\flowers438.jpg,5
tenclass\cat\cat_0409.jpg,2
tenclass\flowers\flowers574.jpg,5
tenclass\dog\dog_0072.jpg,3
tenclass\cat\cat_0400.jpg,2
tenclass\person\person147.jpg,8
tenclass\fruit\fruit_0599.jpg,6
tenclass\cat\cat_0316.jpg,2
tenclass\person\person112.jpg,8
tenclass\flowers\flowers219.jpg,5
tenclass\car\1051.jpg,1
tenclass\fruit\fruit_0389.jpg,6
tenclass\tulip\tulip540.jpg,9
tenclass\flowers\flowers246.jpg,5
tenclass\dog\dog_0081.jpg,3
tenclass\fish\fish497.jpg,4
tenclass\car\1121.jpg,1
tenclass\flowers\flowers282.jpg,5
tenclass\airplane\17.jpg,0
tenclass\fish\fish223.jpg,4
tenclass\flowers\flowers562.jpg,5
tenclass\person\person391.jpg,8
tenclass\dog\dog_0282.jpg,3
tenclass\person\person224.jpg,8
tenclass\flowers\flowers535.jpg,5
tenclass\person\person89.jpg,8
tenclass\motor\motorbike_0527.jpg,7
tenclass\motor\motorbike_0204.jpg,7
tenclass\fish\fish90.jpg,4
tenclass\person\person135.jpg,8
tenclass\cat\cat_0128.jpg,2
tenclass\cat\cat_0011.jpg,2
tenclass\person\person289.jpg,8
tenclass\tulip\tulip190.jpg,9
tenclass\cat\cat_0050.jpg,2
tenclass\dog\dog_0216.jpg,3
tenclass\flowers\flowers417.jpg,5
tenclass\flowers\flowers191.jpg,5
tenclass\fruit\fruit_0160.jpg,6
tenclass\tulip\tulip160.jpg,9
tenclass\person\person462.jpg,8
tenclass\flowers\flowers525.jpg,5
tenclass\fish\fish230.jpg,4
tenclass\fruit\fruit_0201.jpg,6
tenclass\airplane\477.jpg,0
tenclass\dog\dog_0380.jpg,3
tenclass\motor\motorbike_0305.jpg,7
tenclass\motor\motorbike_0353.jpg,7
tenclass\dog\dog_0408.jpg,3
tenclass\person\person207.jpg,8
tenclass\car\969.jpg,1
tenclass\cat\cat_0145.jpg,2
tenclass\motor\motorbike_0475.jpg,7
tenclass\fish\fish366.jpg,4
tenclass\person\person355.jpg,8
tenclass\airplane\303.jpg,0
tenclass\dog\dog_0009.jpg,3
tenclass\flowers\flowers490.jpg,5
tenclass\car\848.jpg,1
tenclass\dog\dog_0597.jpg,3
tenclass\person\person127.jpg,8
tenclass\airplane\281.jpg,0
tenclass\airplane\122.jpg,0
tenclass\flowers\flowers482.jpg,5
tenclass\motor\motorbike_0444.jpg,7
tenclass\dog\dog_0405.jpg,3
tenclass\fish\fish444.jpg,4
tenclass\dog\dog_0370.jpg,3
tenclass\motor\motorbike_0427.jpg,7
tenclass\fruit\fruit_0200.jpg,6
tenclass\cat\cat_0089.jpg,2
tenclass\cat\cat_0472.jpg,2
tenclass\car\1261.jpg,1
tenclass\person\person387.jpg,8
tenclass\cat\cat_0478.jpg,2
tenclass\fish\fish526.jpg,4
tenclass\flowers\flowers559.jpg,5
tenclass\flowers\flowers140.jpg,5
tenclass\motor\motorbike_0333.jpg,7
tenclass\flowers\flowers437.jpg,5
tenclass\motor\motorbike_0598.jpg,7
tenclass\fish\fish389.jpg,4
tenclass\person\person58.jpg,8
tenclass\person\person328.jpg,8
tenclass\tulip\tulip337.jpg,9
tenclass\person\person425.jpg,8
tenclass\cat\cat_0304.jpg,2
tenclass\flowers\flowers442.jpg,5
tenclass\tulip\tulip506.jpg,9
tenclass\fish\fish182.jpg,4
tenclass\car\989.jpg,1
tenclass\fruit\fruit_0533.jpg,6
tenclass\car\1238.jpg,1
tenclass\tulip\tulip580.jpg,9
tenclass\motor\motorbike_0540.jpg,7
tenclass\fish\fish590.jpg,4
tenclass\cat\cat_0194.jpg,2
tenclass\airplane\119.jpg,0
tenclass\cat\cat_0578.jpg,2
tenclass\motor\motorbike_0323.jpg,7
tenclass\car\1042.jpg,1
tenclass\fish\fish16.jpg,4
tenclass\fruit\fruit_0108.jpg,6
tenclass\dog\dog_0039.jpg,3
tenclass\fruit\fruit_0137.jpg,6
tenclass\fruit\fruit_0446.jpg,6
tenclass\cat\cat_0140.jpg,2
tenclass\dog\dog_0535.jpg,3
tenclass\airplane\471.jpg,0
tenclass\person\person503.jpg,8
tenclass\person\person125.jpg,8
tenclass\flowers\flowers101.jpg,5
tenclass\flowers\flowers249.jpg,5
tenclass\motor\motorbike_0516.jpg,7
tenclass\cat\cat_0152.jpg,2
tenclass\airplane\207.jpg,0
tenclass\fruit\fruit_0177.jpg,6
tenclass\fish\fish268.jpg,4
tenclass\tulip\tulip9.jpg,9
tenclass\person\person275.jpg,8
tenclass\flowers\flowers173.jpg,5
tenclass\airplane\213.jpg,0
tenclass\person\person447.jpg,8
tenclass\tulip\tulip200.jpg,9
tenclass\person\person311.jpg,8
tenclass\flowers\flowers465.jpg,5
tenclass\motor\motorbike_0125.jpg,7
tenclass\flowers\flowers400.jpg,5
tenclass\car\1297.jpg,1
tenclass\tulip\tulip278.jpg,9
tenclass\fish\fish75.jpg,4
tenclass\fish\fish401.jpg,4
tenclass\person\person121.jpg,8
tenclass\dog\dog_0182.jpg,3
tenclass\tulip\tulip507.jpg,9
tenclass\tulip\tulip352.jpg,9
tenclass\person\person567.jpg,8
tenclass\cat\cat_0225.jpg,2
tenclass\cat\cat_0454.jpg,2
tenclass\airplane\165.jpg,0
tenclass\tulip\tulip209.jpg,9
tenclass\tulip\tulip483.jpg,9
tenclass\dog\dog_0544.jpg,3
tenclass\motor\motorbike_0428.jpg,7
tenclass\tulip\tulip72.jpg,9
tenclass\car\844.jpg,1
tenclass\car\1195.jpg,1
tenclass\cat\cat_0253.jpg,2
tenclass\person\person389.jpg,8
tenclass\car\782.jpg,1
tenclass\person\person292.jpg,8
tenclass\dog\dog_0457.jpg,3
tenclass\person\person434.jpg,8
tenclass\motor\motorbike_0270.jpg,7
tenclass\airplane\564.jpg,0
tenclass\motor\motorbike_0041.jpg,7
tenclass\motor\motorbike_0092.jpg,7
tenclass\flowers\flowers434.jpg,5
tenclass\fish\fish126.jpg,4
tenclass\cat\cat_0066.jpg,2
tenclass\flowers\flowers543.jpg,5
tenclass\fruit\fruit_0092.jpg,6
tenclass\tulip\tulip70.jpg,9
tenclass\person\person555.jpg,8
tenclass\airplane\588.jpg,0
tenclass\car\1310.jpg,1
tenclass\motor\motorbike_0252.jpg,7
tenclass\dog\dog_0593.jpg,3
tenclass\dog\dog_0055.jpg,3
tenclass\person\person571.jpg,8
tenclass\flowers\flowers387.jpg,5
tenclass\motor\motorbike_0563.jpg,7
tenclass\tulip\tulip137.jpg,9
tenclass\car\772.jpg,1
tenclass\airplane\52.jpg,0
tenclass\flowers\flowers209.jpg,5
tenclass\fruit\fruit_0577.jpg,6
tenclass\car\1217.jpg,1
tenclass\airplane\351.jpg,0
tenclass\motor\motorbike_0047.jpg,7
tenclass\person\person442.jpg,8
tenclass\dog\dog_0283.jpg,3
tenclass\flowers\flowers405.jpg,5
tenclass\cat\cat_0173.jpg,2
tenclass\motor\motorbike_0399.jpg,7
tenclass\car\1120.jpg,1
tenclass\dog\dog_0066.jpg,3
tenclass\car\942.jpg,1
tenclass\person\person285.jpg,8
tenclass\fruit\fruit_0492.jpg,6
tenclass\dog\dog_0423.jpg,3
tenclass\fruit\fruit_0225.jpg,6
tenclass\flowers\flowers519.jpg,5
tenclass\dog\dog_0301.jpg,3
tenclass\person\person376.jpg,8
tenclass\dog\dog_0461.jpg,3
tenclass\cat\cat_0137.jpg,2
tenclass\cat\cat_0016.jpg,2
tenclass\cat\cat_0238.jpg,2
tenclass\flowers\flowers510.jpg,5
tenclass\flowers\flowers289.jpg,5
tenclass\tulip\tulip378.jpg,9
tenclass\fish\fish45.jpg,4
tenclass\fish\fish108.jpg,4
tenclass\motor\motorbike_0400.jpg,7
tenclass\cat\cat_0082.jpg,2
tenclass\motor\motorbike_0445.jpg,7
tenclass\dog\dog_0379.jpg,3
tenclass\motor\motorbike_0030.jpg,7
tenclass\person\person50.jpg,8
tenclass\flowers\flowers585.jpg,5
tenclass\cat\cat_0181.jpg,2
tenclass\motor\motorbike_0288.jpg,7
tenclass\flowers\flowers491.jpg,5
tenclass\cat\cat_0556.jpg,2
tenclass\airplane\555.jpg,0
tenclass\airplane\206.jpg,0
tenclass\flowers\flowers260.jpg,5
tenclass\motor\motorbike_0198.jpg,7
tenclass\fish\fish2.jpg,4
tenclass\car\1055.jpg,1
tenclass\airplane\34.jpg,0
tenclass\fruit\fruit_0059.jpg,6
tenclass\car\771.jpg,1
tenclass\fish\fish5.jpg,4
tenclass\dog\dog_0361.jpg,3
tenclass\fruit\fruit_0521.jpg,6
tenclass\dog\dog_0331.jpg,3
tenclass\cat\cat_0118.jpg,2
tenclass\cat\cat_0436.jpg,2
tenclass\car\1181.jpg,1
tenclass\person\person424.jpg,8
tenclass\flowers\flowers23.jpg,5
tenclass\cat\cat_0339.jpg,2
tenclass\cat\cat_0227.jpg,2
tenclass\dog\dog_0062.jpg,3
tenclass\motor\motorbike_0546.jpg,7
tenclass\dog\dog_0236.jpg,3
tenclass\fish\fish221.jpg,4
tenclass\motor\motorbike_0282.jpg,7
tenclass\airplane\43.jpg,0
tenclass\fruit\fruit_0317.jpg,6
tenclass\flowers\flowers54.jpg,5
tenclass\car\899.jpg,1
tenclass\airplane\374.jpg,0
tenclass\car\818.jpg,1
tenclass\dog\dog_0154.jpg,3
tenclass\dog\dog_0305.jpg,3
tenclass\car\1158.jpg,1
tenclass\dog\dog_0150.jpg,3
tenclass\motor\motorbike_0257.jpg,7
tenclass\car\1225.jpg,1
tenclass\motor\motorbike_0443.jpg,7
tenclass\dog\dog_0160.jpg,3
tenclass\dog\dog_0317.jpg,3
tenclass\dog\dog_0303.jpg,3
tenclass\flowers\flowers147.jpg,5
tenclass\dog\dog_0487.jpg,3
tenclass\airplane\93.jpg,0
tenclass\person\person159.jpg,8
tenclass\cat\cat_0549.jpg,2
tenclass\tulip\tulip567.jpg,9
tenclass\tulip\tulip197.jpg,9
tenclass\cat\cat_0044.jpg,2
tenclass\flowers\flowers436.jpg,5
tenclass\motor\motorbike_0463.jpg,7
tenclass\fruit\fruit_0471.jpg,6
tenclass\fruit\fruit_0001.jpg,6
tenclass\person\person526.jpg,8
tenclass\car\855.jpg,1
tenclass\airplane\407.jpg,0
tenclass\fruit\fruit_0551.jpg,6
tenclass\dog\dog_0137.jpg,3
tenclass\car\881.jpg,1
tenclass\tulip\tulip503.jpg,9
tenclass\dog\dog_0012.jpg,3
tenclass\person\person529.jpg,8
tenclass\motor\motorbike_0123.jpg,7
tenclass\tulip\tulip126.jpg,9
tenclass\car\1224.jpg,1
tenclass\tulip\tulip313.jpg,9
tenclass\motor\motorbike_0072.jpg,7
tenclass\airplane\282.jpg,0
tenclass\cat\cat_0501.jpg,2
tenclass\person\person414.jpg,8
tenclass\fish\fish410.jpg,4
tenclass\tulip\tulip138.jpg,9
tenclass\fish\fish249.jpg,4
tenclass\motor\motorbike_0227.jpg,7
tenclass\cat\cat_0075.jpg,2
tenclass\person\person98.jpg,8
tenclass\motor\motorbike_0471.jpg,7
tenclass\cat\cat_0191.jpg,2
tenclass\airplane\460.jpg,0
tenclass\person\person19.jpg,8
tenclass\fish\fish597.jpg,4
tenclass\flowers\flowers493.jpg,5
tenclass\cat\cat_0357.jpg,2
tenclass\airplane\161.jpg,0
tenclass\person\person203.jpg,8
tenclass\cat\cat_0126.jpg,2
tenclass\cat\cat_0551.jpg,2
tenclass\person\person574.jpg,8
tenclass\dog\dog_0485.jpg,3
tenclass\tulip\tulip376.jpg,9
tenclass\airplane\520.jpg,0
tenclass\airplane\293.jpg,0
tenclass\fruit\fruit_0207.jpg,6
tenclass\car\819.jpg,1
tenclass\cat\cat_0325.jpg,2
tenclass\tulip\tulip175.jpg,9
tenclass\fish\fish338.jpg,4
tenclass\flowers\flowers108.jpg,5
tenclass\dog\dog_0469.jpg,3
tenclass\airplane\500.jpg,0
tenclass\car\780.jpg,1
tenclass\fish\fish509.jpg,4
tenclass\airplane\140.jpg,0
tenclass\cat\cat_0473.jpg,2
tenclass\person\person209.jpg,8
tenclass\fish\fish320.jpg,4
tenclass\flowers\flowers38.jpg,5
tenclass\person\person92.jpg,8
tenclass\fruit\fruit_0102.jpg,6
tenclass\fruit\fruit_0439.jpg,6
tenclass\fish\fish450.jpg,4
tenclass\fish\fish542.jpg,4
tenclass\motor\motorbike_0477.jpg,7
tenclass\fish\fish326.jpg,4
tenclass\fruit\fruit_0405.jpg,6
tenclass\motor\motorbike_0436.jpg,7
tenclass\cat\cat_0502.jpg,2
tenclass\dog\dog_0582.jpg,3
tenclass\dog\dog_0224.jpg,3
tenclass\tulip\tulip412.jpg,9
tenclass\dog\dog_0420.jpg,3
tenclass\airplane\90.jpg,0
tenclass\tulip\tulip555.jpg,9
tenclass\flowers\flowers275.jpg,5
tenclass\fish\fish99.jpg,4
tenclass\fruit\fruit_0057.jpg,6
tenclass\airplane\4.jpg,0
tenclass\dog\dog_0318.jpg,3
tenclass\fruit\fruit_0242.jpg,6
tenclass\fish\fish317.jpg,4
tenclass\fruit\fruit_0246.jpg,6
tenclass\tulip\tulip444.jpg,9
tenclass\dog\dog_0214.jpg,3
tenclass\fish\fish369.jpg,4
tenclass\fish\fish494.jpg,4
tenclass\fish\fish4.jpg,4
tenclass\dog\dog_0525.jpg,3
tenclass\dog\dog_0034.jpg,3
tenclass\motor\motorbike_0161.jpg,7
tenclass\cat\cat_0192.jpg,2
tenclass\car\1176.jpg,1
tenclass\flowers\flowers450.jpg,5
tenclass\airplane\19.jpg,0
tenclass\fruit\fruit_0292.jpg,6
tenclass\dog\dog_0556.jpg,3
tenclass\fruit\fruit_0100.jpg,6
tenclass\motor\motorbike_0015.jpg,7
tenclass\fish\fish137.jpg,4
tenclass\airplane\258.jpg,0
tenclass\dog\dog_0560.jpg,3
tenclass\flowers\flowers93.jpg,5
tenclass\flowers\flowers214.jpg,5
tenclass\airplane\338.jpg,0
tenclass\tulip\tulip319.jpg,9
tenclass\dog\dog_0550.jpg,3
tenclass\fish\fish413.jpg,4
tenclass\fish\fish425.jpg,4
tenclass\flowers\flowers571.jpg,5
tenclass\motor\motorbike_0401.jpg,7
tenclass\airplane\513.jpg,0
tenclass\person\person360.jpg,8
tenclass\fruit\fruit_0354.jpg,6
tenclass\dog\dog_0269.jpg,3
tenclass\airplane\235.jpg,0
tenclass\tulip\tulip43.jpg,9
tenclass\fish\fish71.jpg,4
tenclass\person\person465.jpg,8
tenclass\airplane\544.jpg,0
tenclass\motor\motorbike_0324.jpg,7
tenclass\flowers\flowers443.jpg,5
tenclass\person\person545.jpg,8
tenclass\flowers\flowers241.jpg,5
tenclass\airplane\16.jpg,0
tenclass\fruit\fruit_0358.jpg,6
tenclass\fish\fish238.jpg,4
tenclass\car\753.jpg,1
tenclass\cat\cat_0425.jpg,2
tenclass\tulip\tulip511.jpg,9
tenclass\car\1125.jpg,1
tenclass\motor\motorbike_0077.jpg,7
tenclass\fruit\fruit_0271.jpg,6
tenclass\motor\motorbike_0230.jpg,7
tenclass\cat\cat_0375.jpg,2
tenclass\car\781.jpg,1
tenclass\dog\dog_0304.jpg,3
tenclass\tulip\tulip411.jpg,9
tenclass\fish\fish530.jpg,4
tenclass\person\person468.jpg,8
tenclass\cat\cat_0098.jpg,2
tenclass\fruit\fruit_0172.jpg,6
tenclass\dog\dog_0228.jpg,3
tenclass\motor\motorbike_0245.jpg,7
tenclass\fish\fish544.jpg,4
tenclass\tulip\tulip153.jpg,9
tenclass\fruit\fruit_0530.jpg,6
tenclass\fruit\fruit_0590.jpg,6
tenclass\flowers\flowers248.jpg,5
tenclass\motor\motorbike_0343.jpg,7
tenclass\flowers\flowers576.jpg,5
tenclass\motor\motorbike_0556.jpg,7
tenclass\fruit\fruit_0027.jpg,6
tenclass\flowers\flowers212.jpg,5
tenclass\airplane\576.jpg,0
tenclass\fish\fish381.jpg,4
tenclass\fish\fish394.jpg,4
tenclass\fruit\fruit_0134.jpg,6
tenclass\car\961.jpg,1
tenclass\fruit\fruit_0578.jpg,6
tenclass\cat\cat_0344.jpg,2
tenclass\motor\motorbike_0473.jpg,7
tenclass\person\person151.jpg,8
tenclass\fruit\fruit_0555.jpg,6
tenclass\fruit\fruit_0126.jpg,6
tenclass\airplane\543.jpg,0
tenclass\fruit\fruit_0161.jpg,6
tenclass\airplane\409.jpg,0
tenclass\flowers\flowers162.jpg,5
tenclass\motor\motorbike_0108.jpg,7
tenclass\person\person238.jpg,8
tenclass\car\1069.jpg,1
tenclass\motor\motorbike_0142.jpg,7
tenclass\airplane\175.jpg,0
tenclass\dog\dog_0008.jpg,3
tenclass\car\807.jpg,1
tenclass\airplane\169.jpg,0
tenclass\flowers\flowers499.jpg,5
tenclass\motor\motorbike_0351.jpg,7
tenclass\motor\motorbike_0438.jpg,7
tenclass\motor\motorbike_0545.jpg,7
tenclass\tulip\tulip17.jpg,9
tenclass\fruit\fruit_0190.jpg,6
tenclass\motor\motorbike_0112.jpg,7
tenclass\car\730.jpg,1
tenclass\car\1106.jpg,1
tenclass\airplane\184.jpg,0
tenclass\car\752.jpg,1
tenclass\car\1308.jpg,1
tenclass\fish\fish541.jpg,4
tenclass\person\person338.jpg,8
tenclass\car\1140.jpg,1
tenclass\dog\dog_0253.jpg,3
tenclass\fruit\fruit_0303.jpg,6
tenclass\tulip\tulip554.jpg,9
tenclass\person\person230.jpg,8
tenclass\airplane\110.jpg,0
tenclass\cat\cat_0071.jpg,2
tenclass\motor\motorbike_0124.jpg,7
tenclass\tulip\tulip82.jpg,9
tenclass\person\person97.jpg,8
tenclass\dog\dog_0153.jpg,3
tenclass\fish\fish313.jpg,4
tenclass\cat\cat_0055.jpg,2
tenclass\dog\dog_0404.jpg,3
tenclass\tulip\tulip143.jpg,9
tenclass\tulip\tulip55.jpg,9
tenclass\cat\cat_0025.jpg,2
tenclass\cat\cat_0328.jpg,2
tenclass\car\1108.jpg,1
tenclass\flowers\flowers538.jpg,5
tenclass\fruit\fruit_0131.jpg,6
tenclass\flowers\flowers7.jpg,5
tenclass\flowers\flowers210.jpg,5
tenclass\flowers\flowers102.jpg,5
tenclass\fish\fish63.jpg,4
tenclass\dog\dog_0599.jpg,3
tenclass\dog\dog_0277.jpg,3
tenclass\fish\fish68.jpg,4
tenclass\airplane\81.jpg,0
tenclass\cat\cat_0510.jpg,2
tenclass\cat\cat_0515.jpg,2
tenclass\flowers\flowers247.jpg,5
tenclass\airplane\172.jpg,0
tenclass\fruit\fruit_0584.jpg,6
tenclass\tulip\tulip119.jpg,9
tenclass\fish\fish54.jpg,4
tenclass\flowers\flowers369.jpg,5
tenclass\flowers\flowers333.jpg,5
tenclass\car\1237.jpg,1
tenclass\car\938.jpg,1
tenclass\dog\dog_0152.jpg,3
tenclass\airplane\461.jpg,0
tenclass\fish\fish593.jpg,4
tenclass\airplane\510.jpg,0
tenclass\fish\fish386.jpg,4
tenclass\fruit\fruit_0043.jpg,6
tenclass\fruit\fruit_0386.jpg,6
tenclass\fish\fish464.jpg,4
tenclass\airplane\535.jpg,0
tenclass\cat\cat_0545.jpg,2
tenclass\airplane\305.jpg,0
tenclass\motor\motorbike_0081.jpg,7
tenclass\flowers\flowers50.jpg,5
tenclass\fish\fish56.jpg,4
tenclass\cat\cat_0077.jpg,2
tenclass\airplane\63.jpg,0
tenclass\person\person501.jpg,8
tenclass\car\1173.jpg,1
tenclass\fruit\fruit_0090.jpg,6
tenclass\motor\motorbike_0513.jpg,7
tenclass\fish\fish215.jpg,4
tenclass\fruit\fruit_0209.jpg,6
tenclass\dog\dog_0015.jpg,3
tenclass\car\1149.jpg,1
tenclass\fish\fish58.jpg,4
tenclass\fruit\fruit_0462.jpg,6
tenclass\person\person251.jpg,8
tenclass\person\person240.jpg,8
tenclass\fish\fish260.jpg,4
tenclass\cat\cat_0414.jpg,2
tenclass\airplane\388.jpg,0
tenclass\motor\motorbike_0339.jpg,7
tenclass\fruit\fruit_0545.jpg,6
tenclass\dog\dog_0106.jpg,3
tenclass\dog\dog_0287.jpg,3
tenclass\car\1016.jpg,1
tenclass\motor\motorbike_0385.jpg,7
tenclass\fish\fish211.jpg,4
tenclass\cat\cat_0332.jpg,2
tenclass\fruit\fruit_0428.jpg,6
tenclass\person\person495.jpg,8
tenclass\person\person521.jpg,8
tenclass\fish\fish192.jpg,4
tenclass\car\1161.jpg,1
tenclass\airplane\361.jpg,0
tenclass\dog\dog_0518.jpg,3
tenclass\motor\motorbike_0131.jpg,7
tenclass\airplane\302.jpg,0
tenclass\car\1289.jpg,1
tenclass\dog\dog_0222.jpg,3
tenclass\tulip\tulip246.jpg,9
tenclass\motor\motorbike_0076.jpg,7
tenclass\car\1114.jpg,1
tenclass\fish\fish374.jpg,4
tenclass\airplane\83.jpg,0
tenclass\tulip\tulip206.jpg,9
tenclass\car\951.jpg,1
tenclass\person\person533.jpg,8
tenclass\fruit\fruit_0000.jpg,6
tenclass\airplane\562.jpg,0
tenclass\dog\dog_0564.jpg,3
tenclass\cat\cat_0598.jpg,2
tenclass\person\person327.jpg,8
tenclass\dog\dog_0019.jpg,3
tenclass\person\person53.jpg,8
tenclass\tulip\tulip336.jpg,9
tenclass\tulip\tulip113.jpg,9
tenclass\flowers\flowers376.jpg,5
tenclass\tulip\tulip231.jpg,9
tenclass\motor\motorbike_0066.jpg,7
tenclass\tulip\tulip93.jpg,9
tenclass\fish\fish139.jpg,4
tenclass\cat\cat_0553.jpg,2
tenclass\motor\motorbike_0450.jpg,7
tenclass\tulip\tulip514.jpg,9
tenclass\car\1278.jpg,1
tenclass\dog\dog_0083.jpg,3
tenclass\motor\motorbike_0171.jpg,7
tenclass\fruit\fruit_0524.jpg,6
tenclass\fruit\fruit_0283.jpg,6
tenclass\fruit\fruit_0154.jpg,6
tenclass\flowers\flowers418.jpg,5
tenclass\tulip\tulip348.jpg,9
tenclass\fruit\fruit_0095.jpg,6
tenclass\tulip\tulip11.jpg,9
tenclass\flowers\flowers229.jpg,5
tenclass\person\person153.jpg,8
tenclass\airplane\185.jpg,0
tenclass\tulip\tulip369.jpg,9
tenclass\car\945.jpg,1
tenclass\dog\dog_0026.jpg,3
tenclass\motor\motorbike_0196.jpg,7
tenclass\person\person536.jpg,8
tenclass\cat\cat_0486.jpg,2
tenclass\fish\fish151.jpg,4
tenclass\cat\cat_0237.jpg,2
tenclass\dog\dog_0436.jpg,3
tenclass\airplane\504.jpg,0
tenclass\motor\motorbike_0031.jpg,7
tenclass\cat\cat_0497.jpg,2
tenclass\tulip\tulip37.jpg,9
tenclass\fruit\fruit_0293.jpg,6
tenclass\airplane\181.jpg,0
tenclass\fish\fish154.jpg,4
tenclass\dog\dog_0541.jpg,3
tenclass\dog\dog_0567.jpg,3
tenclass\dog\dog_0042.jpg,3
tenclass\cat\cat_0312.jpg,2
tenclass\car\922.jpg,1
tenclass\motor\motorbike_0413.jpg,7
tenclass\fish\fish170.jpg,4
tenclass\motor\motorbike_0192.jpg,7
tenclass\car\1110.jpg,1
tenclass\fish\fish96.jpg,4
tenclass\fish\fish599.jpg,4
tenclass\motor\motorbike_0411.jpg,7
tenclass\tulip\tulip360.jpg,9
tenclass\fish\fish446.jpg,4
tenclass\person\person588.jpg,8
tenclass\fish\fish61.jpg,4
tenclass\flowers\flowers514.jpg,5
tenclass\car\1019.jpg,1
tenclass\motor\motorbike_0042.jpg,7
tenclass\car\862.jpg,1
tenclass\fruit\fruit_0118.jpg,6
tenclass\fish\fish449.jpg,4
tenclass\car\1260.jpg,1
tenclass\motor\motorbike_0433.jpg,7
tenclass\fish\fish70.jpg,4
tenclass\fruit\fruit_0091.jpg,6
tenclass\fish\fish250.jpg,4
tenclass\person\person234.jpg,8
tenclass\motor\motorbike_0519.jpg,7
tenclass\fruit\fruit_0150.jpg,6
tenclass\dog\dog_0092.jpg,3
tenclass\cat\cat_0079.jpg,2
tenclass\person\person325.jpg,8
tenclass\person\person512.jpg,8
tenclass\dog\dog_0452.jpg,3
tenclass\flowers\flowers240.jpg,5
tenclass\person\person322.jpg,8
tenclass\person\person317.jpg,8
tenclass\person\person594.jpg,8
tenclass\fruit\fruit_0278.jpg,6
tenclass\cat\cat_0326.jpg,2
tenclass\airplane\462.jpg,0
tenclass\airplane\370.jpg,0
tenclass\car\1252.jpg,1
tenclass\person\person375.jpg,8
tenclass\person\person448.jpg,8
tenclass\dog\dog_0475.jpg,3
tenclass\cat\cat_0299.jpg,2
tenclass\car\976.jpg,1
tenclass\flowers\flowers3.jpg,5
tenclass\cat\cat_0036.jpg,2
tenclass\car\916.jpg,1
tenclass\tulip\tulip505.jpg,9
tenclass\fruit\fruit_0282.jpg,6
tenclass\fish\fish262.jpg,4
tenclass\person\person30.jpg,8
tenclass\tulip\tulip363.jpg,9
tenclass\flowers\flowers373.jpg,5
tenclass\fish\fish149.jpg,4
tenclass\dog\dog_0524.jpg,3
tenclass\car\763.jpg,1
tenclass\tulip\tulip228.jpg,9
tenclass\motor\motorbike_0037.jpg,7
tenclass\fish\fish231.jpg,4
tenclass\car\1053.jpg,1
tenclass\airplane\540.jpg,0
tenclass\dog\dog_0077.jpg,3
tenclass\fruit\fruit_0379.jpg,6
tenclass\tulip\tulip563.jpg,9
tenclass\person\person76.jpg,8
tenclass\motor\motorbike_0141.jpg,7
tenclass\dog\dog_0324.jpg,3
tenclass\motor\motorbike_0022.jpg,7
tenclass\tulip\tulip191.jpg,9
tenclass\motor\motorbike_0405.jpg,7
tenclass\motor\motorbike_0061.jpg,7
tenclass\motor\motorbike_0554.jpg,7
tenclass\dog\dog_0243.jpg,3
tenclass\flowers\flowers274.jpg,5
tenclass\car\1062.jpg,1
tenclass\cat\cat_0005.jpg,2
tenclass\motor\motorbike_0506.jpg,7
tenclass\cat\cat_0588.jpg,2
tenclass\flowers\flowers176.jpg,5
tenclass\motor\motorbike_0226.jpg,7
tenclass\dog\dog_0231.jpg,3
tenclass\dog\dog_0490.jpg,3
tenclass\car\845.jpg,1
tenclass\fish\fish265.jpg,4
tenclass\dog\dog_0242.jpg,3
tenclass\airplane\160.jpg,0
tenclass\motor\motorbike_0455.jpg,7
tenclass\fruit\fruit_0030.jpg,6
tenclass\person\person124.jpg,8
tenclass\dog\dog_0118.jpg,3
tenclass\flowers\flowers98.jpg,5
tenclass\dog\dog_0181.jpg,3
tenclass\cat\cat_0547.jpg,2
tenclass\cat\cat_0268.jpg,2
tenclass\car\890.jpg,1
tenclass\dog\dog_0395.jpg,3
tenclass\person\person245.jpg,8
tenclass\fish\fish358.jpg,4
tenclass\tulip\tulip586.jpg,9
tenclass\dog\dog_0510.jpg,3
tenclass\fish\fish248.jpg,4
tenclass\dog\dog_0474.jpg,3
tenclass\fish\fish242.jpg,4
tenclass\fruit\fruit_0489.jpg,6
tenclass\airplane\466.jpg,0
tenclass\fruit\fruit_0165.jpg,6
tenclass\fish\fish562.jpg,4
tenclass\airplane\148.jpg,0
tenclass\dog\dog_0342.jpg,3
tenclass\car\1317.jpg,1
tenclass\person\person146.jpg,8
tenclass\car\1074.jpg,1
tenclass\fish\fish321.jpg,4
tenclass\fish\fish301.jpg,4
tenclass\cat\cat_0407.jpg,2
tenclass\car\1301.jpg,1
tenclass\motor\motorbike_0287.jpg,7
tenclass\person\person578.jpg,8
tenclass\person\person381.jpg,8
tenclass\fruit\fruit_0495.jpg,6
tenclass\person\person286.jpg,8
tenclass\fish\fish547.jpg,4
tenclass\flowers\flowers235.jpg,5
tenclass\flowers\flowers158.jpg,5
tenclass\car\1235.jpg,1
tenclass\fruit\fruit_0223.jpg,6
tenclass\cat\cat_0444.jpg,2
tenclass\flowers\flowers385.jpg,5
tenclass\dog\dog_0355.jpg,3
tenclass\fruit\fruit_0306.jpg,6
tenclass\fruit\fruit_0044.jpg,6
tenclass\fish\fish271.jpg,4
tenclass\car\742.jpg,1
tenclass\flowers\flowers568.jpg,5
tenclass\cat\cat_0013.jpg,2
tenclass\cat\cat_0256.jpg,2
tenclass\cat\cat_0531.jpg,2
tenclass\dog\dog_0136.jpg,3
tenclass\motor\motorbike_0585.jpg,7
tenclass\flowers\flowers599.jpg,5
tenclass\dog\dog_0130.jpg,3
tenclass\tulip\tulip551.jpg,9
tenclass\person\person543.jpg,8
tenclass\tulip\tulip274.jpg,9
tenclass\dog\dog_0362.jpg,3
tenclass\dog\dog_0493.jpg,3
tenclass\person\person388.jpg,8
tenclass\motor\motorbike_0389.jpg,7
tenclass\person\person539.jpg,8
tenclass\tulip\tulip349.jpg,9
tenclass\fish\fish305.jpg,4
tenclass\motor\motorbike_0493.jpg,7
tenclass\airplane\6.jpg,0
tenclass\person\person271.jpg,8
tenclass\tulip\tulip361.jpg,9
tenclass\cat\cat_0277.jpg,2
tenclass\tulip\tulip380.jpg,9
tenclass\person\person172.jpg,8
tenclass\flowers\flowers252.jpg,5
tenclass\motor\motorbike_0216.jpg,7
tenclass\flowers\flowers427.jpg,5
tenclass\cat\cat_0427.jpg,2
tenclass\flowers\flowers61.jpg,5
tenclass\cat\cat_0216.jpg,2
tenclass\airplane\545.jpg,0
tenclass\flowers\flowers245.jpg,5
tenclass\tulip\tulip398.jpg,9
tenclass\fruit\fruit_0010.jpg,6
tenclass\tulip\tulip413.jpg,9
tenclass\fish\fish131.jpg,4
tenclass\airplane\269.jpg,0
tenclass\dog\dog_0409.jpg,3
tenclass\cat\cat_0267.jpg,2
tenclass\car\1313.jpg,1
tenclass\airplane\341.jpg,0
tenclass\airplane\572.jpg,0
tenclass\person\person115.jpg,8
tenclass\airplane\23.jpg,0
tenclass\fruit\fruit_0449.jpg,6
tenclass\car\1066.jpg,1
tenclass\airplane\191.jpg,0
tenclass\cat\cat_0202.jpg,2
tenclass\person\person524.jpg,8
tenclass\fish\fish510.jpg,4
tenclass\tulip\tulip306.jpg,9
tenclass\fruit\fruit_0136.jpg,6
tenclass\airplane\99.jpg,0
tenclass\fish\fish307.jpg,4
tenclass\motor\motorbike_0369.jpg,7
tenclass\fish\fish400.jpg,4
tenclass\cat\cat_0597.jpg,2
tenclass\motor\motorbike_0465.jpg,7
tenclass\fruit\fruit_0502.jpg,6
tenclass\airplane\307.jpg,0
tenclass\motor\motorbike_0518.jpg,7
tenclass\dog\dog_0585.jpg,3
tenclass\cat\cat_0224.jpg,2
tenclass\fish\fish452.jpg,4
tenclass\flowers\flowers383.jpg,5
tenclass\airplane\147.jpg,0
tenclass\fish\fish506.jpg,4
tenclass\tulip\tulip68.jpg,9
tenclass\airplane\416.jpg,0
tenclass\tulip\tulip438.jpg,9
tenclass\fish\fish391.jpg,4
tenclass\fish\fish387.jpg,4
tenclass\tulip\tulip323.jpg,9
tenclass\airplane\368.jpg,0
tenclass\flowers\flowers409.jpg,5
tenclass\airplane\27.jpg,0
tenclass\motor\motorbike_0276.jpg,7
tenclass\car\741.jpg,1
tenclass\fish\fish278.jpg,4
tenclass\tulip\tulip260.jpg,9
tenclass\dog\dog_0514.jpg,3
tenclass\airplane\195.jpg,0
tenclass\fish\fish92.jpg,4
tenclass\motor\motorbike_0458.jpg,7
tenclass\car\921.jpg,1
tenclass\airplane\563.jpg,0
tenclass\tulip\tulip524.jpg,9
tenclass\airplane\453.jpg,0
tenclass\dog\dog_0089.jpg,3
tenclass\fruit\fruit_0579.jpg,6
tenclass\fish\fish37.jpg,4
tenclass\fish\fish495.jpg,4
tenclass\dog\dog_0141.jpg,3
tenclass\flowers\flowers379.jpg,5
tenclass\motor\motorbike_0174.jpg,7
tenclass\fruit\fruit_0504.jpg,6
tenclass\fruit\fruit_0285.jpg,6
tenclass\fish\fish549.jpg,4
tenclass\airplane\39.jpg,0
tenclass\cat\cat_0258.jpg,2
tenclass\dog\dog_0005.jpg,3
tenclass\cat\cat_0386.jpg,2
tenclass\fruit\fruit_0463.jpg,6
tenclass\airplane\495.jpg,0
tenclass\fruit\fruit_0153.jpg,6
tenclass\motor\motorbike_0487.jpg,7
tenclass\tulip\tulip536.jpg,9
tenclass\person\person254.jpg,8
tenclass\airplane\484.jpg,0
tenclass\fish\fish312.jpg,4
tenclass\person\person435.jpg,8
tenclass\cat\cat_0451.jpg,2
tenclass\tulip\tulip315.jpg,9
tenclass\car\1034.jpg,1
tenclass\person\person358.jpg,8
tenclass\car\1296.jpg,1
tenclass\cat\cat_0514.jpg,2
tenclass\person\person534.jpg,8
tenclass\fruit\fruit_0053.jpg,6
tenclass\motor\motorbike_0283.jpg,7
tenclass\car\1322.jpg,1
tenclass\flowers\flowers512.jpg,5
tenclass\fruit\fruit_0595.jpg,6
tenclass\motor\motorbike_0149.jpg,7
tenclass\cat\cat_0307.jpg,2
tenclass\flowers\flowers256.jpg,5
tenclass\cat\cat_0437.jpg,2
tenclass\person\person91.jpg,8
tenclass\car\1147.jpg,1
tenclass\person\person26.jpg,8
tenclass\person\person83.jpg,8
tenclass\car\774.jpg,1
tenclass\flowers\flowers452.jpg,5
tenclass\car\1142.jpg,1
tenclass\fruit\fruit_0509.jpg,6
tenclass\car\984.jpg,1
tenclass\person\person17.jpg,8
tenclass\fish\fish432.jpg,4
tenclass\car\1267.jpg,1
tenclass\fish\fish342.jpg,4
tenclass\fruit\fruit_0066.jpg,6
tenclass\airplane\583.jpg,0
tenclass\fruit\fruit_0202.jpg,6
tenclass\fish\fish23.jpg,4
tenclass\car\849.jpg,1
tenclass\dog\dog_0359.jpg,3
tenclass\fish\fish155.jpg,4
tenclass\person\person377.jpg,8
tenclass\fruit\fruit_0574.jpg,6
tenclass\cat\cat_0135.jpg,2
tenclass\person\person397.jpg,8
tenclass\flowers\flowers165.jpg,5
tenclass\cat\cat_0104.jpg,2
tenclass\car\1059.jpg,1
tenclass\fish\fish64.jpg,4
tenclass\flowers\flowers457.jpg,5
tenclass\fish\fish28.jpg,4
tenclass\cat\cat_0063.jpg,2
tenclass\fruit\fruit_0571.jpg,6
tenclass\fish\fish163.jpg,4
tenclass\car\860.jpg,1
tenclass\tulip\tulip584.jpg,9
tenclass\dog\dog_0512.jpg,3
tenclass\flowers\flowers435.jpg,5
tenclass\flowers\flowers403.jpg,5
tenclass\cat\cat_0283.jpg,2
tenclass\airplane\79.jpg,0
tenclass\motor\motorbike_0120.jpg,7
tenclass\airplane\319.jpg,0
tenclass\fish\fish127.jpg,4
tenclass\cat\cat_0086.jpg,2
tenclass\fruit\fruit_0169.jpg,6
tenclass\fruit\fruit_0320.jpg,6
tenclass\car\1085.jpg,1
tenclass\fruit\fruit_0557.jpg,6
tenclass\dog\dog_0489.jpg,3
tenclass\motor\motorbike_0490.jpg,7
tenclass\cat\cat_0335.jpg,2
tenclass\dog\dog_0554.jpg,3
tenclass\tulip\tulip178.jpg,9
tenclass\tulip\tulip384.jpg,9
tenclass\dog\dog_0127.jpg,3
tenclass\cat\cat_0197.jpg,2
tenclass\person\person252.jpg,8
tenclass\flowers\flowers190.jpg,5
tenclass\person\person214.jpg,8
tenclass\dog\dog_0358.jpg,3
tenclass\tulip\tulip515.jpg,9
tenclass\flowers\flowers395.jpg,5
tenclass\airplane\340.jpg,0
tenclass\car\1182.jpg,1
tenclass\flowers\flowers62.jpg,5
tenclass\cat\cat_0503.jpg,2
tenclass\airplane\352.jpg,0
tenclass\dog\dog_0371.jpg,3
tenclass\flowers\flowers352.jpg,5
tenclass\airplane\67.jpg,0
tenclass\car\792.jpg,1
tenclass\flowers\flowers472.jpg,5
tenclass\motor\motorbike_0155.jpg,7
tenclass\car\1287.jpg,1
tenclass\cat\cat_0532.jpg,2
tenclass\person\person370.jpg,8
tenclass\cat\cat_0313.jpg,2
tenclass\person\person490.jpg,8
tenclass\motor\motorbike_0200.jpg,7
tenclass\airplane\208.jpg,0
tenclass\flowers\flowers584.jpg,5
tenclass\fruit\fruit_0390.jpg,6
tenclass\car\1071.jpg,1
tenclass\person\person177.jpg,8
tenclass\dog\dog_0003.jpg,3
tenclass\dog\dog_0018.jpg,3
tenclass\tulip\tulip308.jpg,9
tenclass\flowers\flowers52.jpg,5
tenclass\tulip\tulip284.jpg,9
tenclass\fruit\fruit_0183.jpg,6
tenclass\flowers\flowers304.jpg,5
tenclass\person\person7.jpg,8
tenclass\flowers\flowers596.jpg,5
tenclass\car\1093.jpg,1
tenclass\tulip\tulip474.jpg,9
tenclass\flowers\flowers365.jpg,5
tenclass\person\person182.jpg,8
tenclass\dog\dog_0074.jpg,3
tenclass\motor\motorbike_0097.jpg,7
tenclass\fish\fish110.jpg,4
tenclass\airplane\197.jpg,0
tenclass\fruit\fruit_0456.jpg,6
tenclass\airplane\166.jpg,0
tenclass\fish\fish291.jpg,4
tenclass\person\person244.jpg,8
tenclass\fruit\fruit_0324.jpg,6
tenclass\person\person75.jpg,8
tenclass\airplane\523.jpg,0
tenclass\dog\dog_0348.jpg,3
tenclass\car\787.jpg,1
tenclass\cat\cat_0209.jpg,2
tenclass\cat\cat_0491.jpg,2
tenclass\flowers\flowers308.jpg,5
tenclass\dog\dog_0402.jpg,3
tenclass\fruit\fruit_0547.jpg,6
tenclass\cat\cat_0170.jpg,2
tenclass\motor\motorbike_0165.jpg,7
tenclass\airplane\257.jpg,0
tenclass\fish\fish484.jpg,4
tenclass\motor\motorbike_0337.jpg,7
tenclass\airplane\403.jpg,0
tenclass\dog\dog_0110.jpg,3
tenclass\airplane\394.jpg,0
tenclass\person\person461.jpg,8
tenclass\car\1013.jpg,1
tenclass\car\1021.jpg,1
tenclass\person\person150.jpg,8
tenclass\person\person352.jpg,8
tenclass\car\1159.jpg,1
tenclass\airplane\335.jpg,0
tenclass\cat\cat_0320.jpg,2
tenclass\dog\dog_0175.jpg,3
tenclass\flowers\flowers464.jpg,5
tenclass\fruit\fruit_0164.jpg,6
tenclass\dog\dog_0527.jpg,3
tenclass\flowers\flowers32.jpg,5
tenclass\car\1131.jpg,1
tenclass\motor\motorbike_0219.jpg,7
tenclass\flowers\flowers578.jpg,5
tenclass\fish\fish261.jpg,4
tenclass\airplane\134.jpg,0
tenclass\airplane\487.jpg,0
tenclass\airplane\234.jpg,0
tenclass\fish\fish138.jpg,4
tenclass\fruit\fruit_0002.jpg,6
tenclass\airplane\421.jpg,0
tenclass\fruit\fruit_0340.jpg,6
tenclass\fruit\fruit_0192.jpg,6
tenclass\fruit\fruit_0142.jpg,6
tenclass\motor\motorbike_0095.jpg,7
tenclass\fruit\fruit_0436.jpg,6
tenclass\motor\motorbike_0334.jpg,7
tenclass\dog\dog_0109.jpg,3
tenclass\motor\motorbike_0365.jpg,7
tenclass\airplane\404.jpg,0
tenclass\person\person558.jpg,8
tenclass\dog\dog_0320.jpg,3
tenclass\car\1290.jpg,1
tenclass\tulip\tulip420.jpg,9
tenclass\car\1001.jpg,1
tenclass\dog\dog_0334.jpg,3
tenclass\motor\motorbike_0532.jpg,7
tenclass\car\805.jpg,1
tenclass\flowers\flowers99.jpg,5
tenclass\person\person365.jpg,8
tenclass\airplane\348.jpg,0
tenclass\tulip\tulip31.jpg,9
tenclass\car\874.jpg,1
tenclass\fruit\fruit_0392.jpg,6
tenclass\dog\dog_0340.jpg,3
tenclass\fruit\fruit_0025.jpg,6
tenclass\cat\cat_0222.jpg,2
tenclass\cat\cat_0046.jpg,2
tenclass\motor\motorbike_0237.jpg,7
tenclass\person\person41.jpg,8
tenclass\dog\dog_0144.jpg,3
tenclass\dog\dog_0121.jpg,3
tenclass\flowers\flowers348.jpg,5
tenclass\airplane\47.jpg,0
tenclass\car\971.jpg,1
tenclass\flowers\flowers294.jpg,5
tenclass\fruit\fruit_0538.jpg,6
tenclass\dog\dog_0232.jpg,3
tenclass\car\898.jpg,1
tenclass\fruit\fruit_0195.jpg,6
tenclass\person\person489.jpg,8
tenclass\fish\fish123.jpg,4
tenclass\car\1288.jpg,1
tenclass\motor\motorbike_0026.jpg,7
tenclass\person\person222.jpg,8
tenclass\car\821.jpg,1
tenclass\cat\cat_0480.jpg,2
tenclass\flowers\flowers592.jpg,5
tenclass\dog\dog_0422.jpg,3
tenclass\airplane\469.jpg,0
tenclass\person\person561.jpg,8
tenclass\car\1124.jpg,1
tenclass\tulip\tulip261.jpg,9
tenclass\fish\fish284.jpg,4
tenclass\cat\cat_0239.jpg,2
tenclass\car\974.jpg,1
tenclass\dog\dog_0454.jpg,3
tenclass\airplane\364.jpg,0
tenclass\motor\motorbike_0157.jpg,7
tenclass\tulip\tulip270.jpg,9
tenclass\flowers\flowers193.jpg,5
tenclass\fish\fish392.jpg,4
tenclass\fish\fish17.jpg,4
tenclass\dog\dog_0521.jpg,3
tenclass\fish\fish504.jpg,4
tenclass\cat\cat_0474.jpg,2
tenclass\tulip\tulip173.jpg,9
tenclass\dog\dog_0424.jpg,3
tenclass\tulip\tulip275.jpg,9
tenclass\flowers\flowers16.jpg,5
tenclass\dog\dog_0346.jpg,3
tenclass\car\960.jpg,1
tenclass\fruit\fruit_0042.jpg,6
tenclass\car\1065.jpg,1
tenclass\tulip\tulip359.jpg,9
tenclass\fruit\fruit_0537.jpg,6
tenclass\car\1251.jpg,1
tenclass\fruit\fruit_0511.jpg,6
tenclass\person\person329.jpg,8
tenclass\person\person120.jpg,8
tenclass\car\1266.jpg,1
tenclass\airplane\521.jpg,0
tenclass\fish\fish272.jpg,4
tenclass\airplane\92.jpg,0
tenclass\fruit\fruit_0147.jpg,6
tenclass\fish\fish10.jpg,4
tenclass\fish\fish93.jpg,4
tenclass\motor\motorbike_0317.jpg,7
tenclass\fish\fish303.jpg,4
tenclass\fish\fish483.jpg,4
tenclass\cat\cat_0505.jpg,2
tenclass\fruit\fruit_0133.jpg,6
tenclass\cat\cat_0433.jpg,2
tenclass\fruit\fruit_0558.jpg,6
tenclass\cat\cat_0315.jpg,2
tenclass\car\1154.jpg,1
tenclass\fish\fish419.jpg,4
tenclass\dog\dog_0326.jpg,3
tenclass\airplane\115.jpg,0
tenclass\fruit\fruit_0173.jpg,6
tenclass\dog\dog_0113.jpg,3
tenclass\car\1004.jpg,1
tenclass\motor\motorbike_0087.jpg,7
tenclass\person\person472.jpg,8
tenclass\cat\cat_0091.jpg,2
tenclass\fruit\fruit_0016.jpg,6
tenclass\airplane\371.jpg,0
tenclass\fish\fish210.jpg,4
tenclass\dog\dog_0131.jpg,3
tenclass\flowers\flowers288.jpg,5
tenclass\flowers\flowers251.jpg,5
tenclass\fruit\fruit_0087.jpg,6
tenclass\tulip\tulip120.jpg,9
tenclass\airplane\44.jpg,0
tenclass\flowers\flowers367.jpg,5
tenclass\tulip\tulip247.jpg,9
tenclass\tulip\tulip476.jpg,9
tenclass\tulip\tulip63.jpg,9
tenclass\tulip\tulip177.jpg,9
tenclass\flowers\flowers228.jpg,5
tenclass\cat\cat_0390.jpg,2
tenclass\fruit\fruit_0003.jpg,6
tenclass\flowers\flowers111.jpg,5
tenclass\motor\motorbike_0535.jpg,7
tenclass\cat\cat_0562.jpg,2
tenclass\airplane\463.jpg,0
tenclass\fruit\fruit_0038.jpg,6
tenclass\person\person305.jpg,8
tenclass\tulip\tulip568.jpg,9
tenclass\flowers\flowers476.jpg,5
tenclass\cat\cat_0494.jpg,2
tenclass\airplane\149.jpg,0
tenclass\fruit\fruit_0523.jpg,6
tenclass\cat\cat_0004.jpg,2
tenclass\motor\motorbike_0224.jpg,7
tenclass\dog\dog_0014.jpg,3
tenclass\tulip\tulip286.jpg,9
tenclass\person\person116.jpg,8
tenclass\dog\dog_0057.jpg,3
tenclass\airplane\82.jpg,0
tenclass\fish\fish52.jpg,4
tenclass\fish\fish254.jpg,4
tenclass\cat\cat_0508.jpg,2
tenclass\dog\dog_0087.jpg,3
tenclass\dog\dog_0270.jpg,3
tenclass\fish\fish51.jpg,4
tenclass\tulip\tulip46.jpg,9
tenclass\fruit\fruit_0593.jpg,6
tenclass\airplane\129.jpg,0
tenclass\cat\cat_0523.jpg,2
tenclass\motor\motorbike_0069.jpg,7
tenclass\person\person231.jpg,8
tenclass\fruit\fruit_0445.jpg,6
tenclass\dog\dog_0459.jpg,3
tenclass\cat\cat_0292.jpg,2
tenclass\person\person590.jpg,8
tenclass\motor\motorbike_0079.jpg,7
tenclass\airplane\342.jpg,0
tenclass\tulip\tulip233.jpg,9
tenclass\cat\cat_0324.jpg,2
tenclass\motor\motorbike_0136.jpg,7
tenclass\airplane\22.jpg,0
tenclass\dog\dog_0429.jpg,3
tenclass\car\825.jpg,1
tenclass\cat\cat_0032.jpg,2
tenclass\person\person259.jpg,8
tenclass\fish\fish14.jpg,4
tenclass\person\person270.jpg,8
tenclass\fish\fish191.jpg,4
tenclass\fruit\fruit_0346.jpg,6
tenclass\fish\fish328.jpg,4
tenclass\dog\dog_0257.jpg,3
tenclass\fish\fish346.jpg,4
tenclass\person\person552.jpg,8
tenclass\cat\cat_0041.jpg,2
tenclass\tulip\tulip167.jpg,9
tenclass\tulip\tulip311.jpg,9
tenclass\dog\dog_0357.jpg,3
tenclass\cat\cat_0149.jpg,2
tenclass\car\846.jpg,1
tenclass\fish\fish263.jpg,4
tenclass\flowers\flowers47.jpg,5
tenclass\person\person566.jpg,8
tenclass\car\1007.jpg,1
tenclass\motor\motorbike_0290.jpg,7
tenclass\dog\dog_0437.jpg,3
tenclass\fruit\fruit_0506.jpg,6
tenclass\tulip\tulip42.jpg,9
tenclass\cat\cat_0131.jpg,2
tenclass\motor\motorbike_0298.jpg,7
tenclass\fruit\fruit_0468.jpg,6
tenclass\person\person513.jpg,8
tenclass\motor\motorbike_0184.jpg,7
tenclass\flowers\flowers42.jpg,5
tenclass\dog\dog_0290.jpg,3
tenclass\dog\dog_0558.jpg,3
tenclass\fruit\fruit_0268.jpg,6
tenclass\car\823.jpg,1
tenclass\cat\cat_0366.jpg,2
tenclass\fruit\fruit_0421.jpg,6
tenclass\fish\fish553.jpg,4
tenclass\fish\fish496.jpg,4
tenclass\fruit\fruit_0314.jpg,6
tenclass\fruit\fruit_0437.jpg,6
tenclass\fish\fish206.jpg,4
tenclass\car\1141.jpg,1
tenclass\fruit\fruit_0174.jpg,6
tenclass\dog\dog_0103.jpg,3
tenclass\tulip\tulip355.jpg,9
tenclass\tulip\tulip399.jpg,9
tenclass\cat\cat_0060.jpg,2
tenclass\person\person499.jpg,8
tenclass\fish\fish310.jpg,4
tenclass\fruit\fruit_0444.jpg,6
tenclass\car\1192.jpg,1
tenclass\fish\fish77.jpg,4
tenclass\motor\motorbike_0304.jpg,7
tenclass\flowers\flowers475.jpg,5
tenclass\dog\dog_0377.jpg,3
tenclass\tulip\tulip389.jpg,9
tenclass\cat\cat_0039.jpg,2
tenclass\dog\dog_0575.jpg,3
tenclass\fruit\fruit_0230.jpg,6
tenclass\fish\fish499.jpg,4
tenclass\airplane\292.jpg,0
tenclass\tulip\tulip588.jpg,9
tenclass\cat\cat_0144.jpg,2
tenclass\tulip\tulip346.jpg,9
tenclass\flowers\flowers471.jpg,5
tenclass\tulip\tulip23.jpg,9
tenclass\person\person78.jpg,8
tenclass\flowers\flowers178.jpg,5
tenclass\dog\dog_0449.jpg,3
tenclass\airplane\482.jpg,0
tenclass\motor\motorbike_0583.jpg,7
tenclass\cat\cat_0076.jpg,2
tenclass\person\person283.jpg,8
tenclass\tulip\tulip497.jpg,9
tenclass\motor\motorbike_0023.jpg,7
tenclass\person\person18.jpg,8
tenclass\fish\fish24.jpg,4
tenclass\car\903.jpg,1
tenclass\motor\motorbike_0221.jpg,7
tenclass\person\person213.jpg,8
tenclass\dog\dog_0161.jpg,3
tenclass\car\935.jpg,1
tenclass\flowers\flowers375.jpg,5
tenclass\car\1230.jpg,1
tenclass\fruit\fruit_0336.jpg,6
tenclass\dog\dog_0180.jpg,3
tenclass\fruit\fruit_0218.jpg,6
tenclass\person\person422.jpg,8
tenclass\person\person452.jpg,8
tenclass\flowers\flowers419.jpg,5
tenclass\dog\dog_0586.jpg,3
tenclass\dog\dog_0102.jpg,3
tenclass\airplane\202.jpg,0
tenclass\flowers\flowers323.jpg,5
tenclass\airplane\527.jpg,0
tenclass\flowers\flowers540.jpg,5
tenclass\person\person141.jpg,8
tenclass\car\1023.jpg,1
tenclass\motor\motorbike_0218.jpg,7
tenclass\dog\dog_0263.jpg,3
tenclass\cat\cat_0252.jpg,2
tenclass\cat\cat_0215.jpg,2
tenclass\flowers\flowers546.jpg,5
tenclass\fruit\fruit_0550.jpg,6
tenclass\tulip\tulip445.jpg,9
tenclass\flowers\flowers208.jpg,5
tenclass\cat\cat_0415.jpg,2
tenclass\cat\cat_0340.jpg,2
tenclass\car\1244.jpg,1
tenclass\flowers\flowers378.jpg,5
tenclass\person\person507.jpg,8
tenclass\motor\motorbike_0515.jpg,7
tenclass\tulip\tulip350.jpg,9
tenclass\fruit\fruit_0215.jpg,6
tenclass\fish\fish140.jpg,4
tenclass\flowers\flowers118.jpg,5
tenclass\car\1178.jpg,1
tenclass\fruit\fruit_0028.jpg,6
tenclass\flowers\flowers422.jpg,5
tenclass\motor\motorbike_0350.jpg,7
tenclass\tulip\tulip5.jpg,9
tenclass\motor\motorbike_0138.jpg,7
tenclass\person\person204.jpg,8
tenclass\dog\dog_0345.jpg,3
tenclass\fish\fish59.jpg,4
tenclass\airplane\455.jpg,0
tenclass\flowers\flowers96.jpg,5
tenclass\flowers\flowers279.jpg,5
tenclass\flowers\flowers119.jpg,5
tenclass\dog\dog_0513.jpg,3
